"LEM_ADAMSS"

"Time      "	".tyl_kolo.Element_Force.X"	".tyl_kolo.Element_Force.Y"
0.000000e+00	-6.035888e-12	4.843331e-11
1.000000e-02	1.006546e-10	2.304918e-10
2.000000e-02	-2.261015e-12	6.570961e-11
3.000000e-02	-1.435463e-11	-4.651532e-11
4.000000e-02	-3.194733e-12	-2.061964e-11
4.293667e-02	4.559619e+00	-5.061010e+00
4.804606e-02	-4.187476e+01	-2.832039e+02
5.000000e-02	-2.069281e+01	-2.768382e+02
6.000000e-02	-1.113245e+01	-2.135595e+02
6.700680e-02	-3.154143e+00	-1.876769e+02
7.000000e-02	-4.875000e+00	-1.824978e+02
8.000000e-02	-1.929994e+00	-1.689411e+02
8.497094e-02	-4.446162e+00	-1.663485e+02
8.892115e-02	-4.455235e+00	-1.651697e+02
9.000000e-02	8.614703e-01	-1.623259e+02
1.000000e-01	-1.979506e+00	-1.616668e+02
1.027696e-01	2.522766e-01	-1.614083e+02
1.100000e-01	-2.920789e+00	-1.629115e+02
1.171157e-01	1.810743e+00	-1.615152e+02
1.200000e-01	-9.897446e-01	-1.633377e+02
1.286025e-01	-1.715220e+00	-1.649012e+02
1.300000e-01	-3.625442e-01	-1.646414e+02
1.352639e-01	1.196196e+00	-1.649544e+02
1.400000e-01	-1.523017e+00	-1.665041e+02
1.500000e-01	-9.899022e-01	-1.685543e+02
1.600000e-01	8.691710e-01	-1.682208e+02
1.700000e-01	-3.414719e-01	-1.708611e+02
1.800000e-01	1.734161e-01	-1.718760e+02
1.900000e-01	1.742180e-01	-1.728552e+02
2.000000e-01	-2.976683e+00	-1.754681e+02
2.100000e-01	-1.500708e-01	-1.753806e+02
2.200000e-01	-6.913132e-03	-1.767662e+02
2.234758e-01	2.284022e+00	-1.762403e+02
2.300000e-01	-1.409976e+00	-1.783003e+02
2.400000e-01	1.294056e+00	-1.776332e+02
2.438825e-01	2.097921e+00	-1.775938e+02
2.500000e-01	-7.136108e-02	-1.786398e+02
2.600000e-01	-6.958842e-01	-1.801087e+02
2.633156e-01	2.060921e+00	-1.786026e+02
2.700000e-01	-9.077563e-01	-1.808962e+02
2.734831e-01	1.523843e+00	-1.798557e+02
2.774762e-01	2.244269e+00	-1.791918e+02
2.800000e-01	-1.085433e-02	-1.807493e+02
2.856978e-01	1.733579e+00	-1.804321e+02
2.900000e-01	-5.597169e-01	-1.818613e+02
2.960616e-01	1.375158e+00	-1.813431e+02
3.000000e-01	1.308125e+00	-1.813988e+02
3.042639e-01	1.289734e+00	-1.818302e+02
3.100000e-01	6.669645e-01	-1.821001e+02
3.128589e-01	1.555077e+00	-1.821426e+02
3.186960e-01	1.265025e+00	-1.823820e+02
3.200000e-01	-2.590835e-01	-1.832030e+02
3.300000e-01	-1.130299e+00	-1.834872e+02
3.331746e-01	1.291419e+00	-1.828665e+02
3.400000e-01	1.068276e+00	-1.838852e+02
3.459207e-01	2.280607e+00	-1.827462e+02
3.500000e-01	1.659802e-01	-1.838812e+02
3.561436e-01	9.212063e-01	-1.842422e+02
3.600000e-01	6.388624e-01	-1.841175e+02
3.691500e-01	1.301901e+00	-1.843700e+02
3.700000e-01	-2.018692e+00	-1.859010e+02
3.730138e-01	1.498270e+00	-1.841694e+02
3.792487e-01	1.507060e+00	-1.837240e+02
3.800000e-01	-1.355404e-01	-1.847987e+02
3.900000e-01	6.578213e-01	-1.852441e+02
3.942476e-01	8.950251e-01	-1.848744e+02
3.991378e-01	1.308991e+00	-1.853580e+02
4.000000e-01	-2.050923e+00	-1.868850e+02
4.029678e-01	1.417737e+00	-1.851175e+02
4.100000e-01	-1.064491e-01	-1.855821e+02
4.200000e-01	6.441722e-01	-1.860129e+02
4.242657e-01	8.925151e-01	-1.856089e+02
4.291556e-01	1.320712e+00	-1.860314e+02
4.300000e-01	-2.022407e+00	-1.875727e+02
4.330072e-01	1.473855e+00	-1.857554e+02
4.400000e-01	-1.089223e-01	-1.862202e+02
4.500000e-01	6.063778e-01	-1.865639e+02
4.535596e-01	-1.583533e+00	-1.874383e+02
4.594248e-01	1.259482e+00	-1.866182e+02
4.600000e-01	-1.602445e+00	-1.881917e+02
4.633447e-01	1.411286e+00	-1.862593e+02
4.700000e-01	-4.810197e-02	-1.866920e+02
4.766076e-01	1.188631e+00	-1.863069e+02
4.800000e-01	2.648654e-01	-1.870579e+02
4.853506e-01	1.391656e+00	-1.866473e+02
4.900000e-01	-6.096359e-01	-1.877051e+02
4.949408e-01	-9.050127e-01	-1.876658e+02
5.000000e-01	6.843780e-01	-1.869552e+02
5.091603e-01	-1.247176e-01	-1.873102e+02
5.100000e-01	1.894768e-01	-1.871357e+02
5.167134e-01	1.228777e+00	-1.870318e+02
5.200000e-01	2.173292e-01	-1.874274e+02
5.255678e-01	1.556950e+00	-1.869182e+02
5.300000e-01	-2.401898e-01	-1.877524e+02
5.400000e-01	2.965831e+00	-1.853532e+02
5.461866e-01	1.041196e+00	-1.872138e+02
5.500000e-01	5.254084e-01	-1.876472e+02
5.531899e-01	-6.908708e-01	-1.878652e+02
5.585763e-01	1.415205e+00	-1.872667e+02
5.600000e-01	6.050261e-01	-1.872817e+02
5.640442e-01	-1.367468e+00	-1.882765e+02
5.700000e-01	-1.197488e+00	-1.890519e+02
5.755221e-01	6.666771e-01	-1.877386e+02
5.800000e-01	9.431307e-01	-1.876620e+02
5.890779e-01	-1.096551e+00	-1.885578e+02
5.900000e-01	6.696502e-01	-1.875507e+02
5.965329e-01	-1.262871e+00	-1.884775e+02
6.000000e-01	-1.216618e-01	-1.879798e+02
6.073944e-01	1.348566e+00	-1.875944e+02
6.100000e-01	-6.245878e-01	-1.884599e+02
6.157475e-01	1.358038e+00	-1.875663e+02
6.191580e-01	1.930512e-01	-1.880589e+02
6.200000e-01	-1.747088e-01	-1.883064e+02
6.300000e-01	1.427684e+00	-1.870496e+02
6.335315e-01	-1.061197e+00	-1.882641e+02
6.387841e-01	2.161871e+00	-1.872481e+02
6.400000e-01	-3.089687e+00	-1.897891e+02
6.474984e-01	1.325577e+00	-1.878176e+02
6.500000e-01	-4.905425e-01	-1.885665e+02
6.561840e-01	1.461049e+00	-1.877128e+02
6.600000e-01	1.068435e+00	-1.877047e+02
6.700000e-01	2.485005e-01	-1.879165e+02
6.792375e-01	-2.077852e-01	-1.882009e+02
6.800000e-01	8.433711e-02	-1.880516e+02
6.877954e-01	1.126646e+00	-1.876035e+02
6.900000e-01	-4.536133e-02	-1.883561e+02
7.000000e-01	-9.582843e-01	-1.881771e+02
7.050268e-01	1.894331e+00	-1.869416e+02
7.100000e-01	1.140872e+00	-1.880861e+02
7.200000e-01	5.968028e-01	-1.883793e+02
7.291871e-01	-2.758281e-02	-1.883456e+02
7.300000e-01	1.426190e-01	-1.882456e+02
7.400000e-01	-3.585281e-01	-1.885093e+02
7.456832e-01	6.785706e-01	-1.881695e+02
7.500000e-01	6.723881e-01	-1.882297e+02
7.600000e-01	-6.122721e-01	-1.882175e+02
7.630637e-01	1.256104e+00	-1.879252e+02
7.690722e-01	1.406290e+00	-1.876240e+02
7.700000e-01	-6.151881e-01	-1.888095e+02
7.761599e-01	1.146413e+00	-1.880030e+02
7.800000e-01	6.905863e-01	-1.883302e+02
7.829838e-01	-5.394339e-01	-1.885827e+02
7.885367e-01	1.391679e+00	-1.880203e+02
7.900000e-01	6.974173e-01	-1.880261e+02
8.000000e-01	-2.389474e+00	-1.900783e+02
8.080783e-01	-1.693115e+00	-1.895694e+02
8.100000e-01	-7.513066e-01	-1.890493e+02
8.145721e-01	-8.966182e-01	-1.890091e+02
8.200000e-01	1.815675e+00	-1.871651e+02
8.272905e-01	-1.066087e+00	-1.888508e+02
8.300000e-01	-1.023328e+00	-1.882719e+02
8.327341e-01	1.122923e+00	-1.879374e+02
8.400000e-01	-1.245965e+00	-1.893469e+02
8.431365e-01	1.641290e+00	-1.878559e+02
8.487582e-01	1.108459e-01	-1.887978e+02
8.500000e-01	-3.763809e-01	-1.888466e+02
8.578654e-01	6.071442e-01	-1.883906e+02
8.600000e-01	8.232974e-01	-1.883280e+02
8.633900e-01	-1.262591e+00	-1.890241e+02
8.700000e-01	-1.219016e-01	-1.889482e+02
8.800000e-01	4.131884e-01	-1.880581e+02
8.875849e-01	2.079443e+00	-1.872542e+02
8.900000e-01	1.805860e-01	-1.885673e+02
9.000000e-01	-8.391140e-01	-1.891637e+02
9.044080e-01	-1.242284e+00	-1.890453e+02
9.100000e-01	1.246885e+00	-1.883881e+02
9.200000e-01	-1.282779e-01	-1.886097e+02
9.238900e-01	9.750033e-01	-1.891289e+02
9.282580e-01	-1.097852e+00	-1.893823e+02
9.300000e-01	-2.748986e-01	-1.888506e+02
9.361019e-01	-1.087929e+00	-1.891126e+02
9.400000e-01	-7.294844e-01	-1.887839e+02
9.490211e-01	-1.527258e+00	-1.888750e+02
9.500000e-01	1.677155e+00	-1.874981e+02
9.528787e-01	-6.668263e-01	-1.886214e+02
9.586248e-01	1.110696e+00	-1.880072e+02
9.600000e-01	3.485762e-01	-1.884462e+02
9.668089e-01	-1.319028e+00	-1.891203e+02
9.700000e-01	-1.363745e-01	-1.888497e+02
9.774133e-01	1.430644e+00	-1.882623e+02
9.800000e-01	-9.187466e-01	-1.893909e+02
9.886410e-01	-1.083228e+00	-1.891714e+02
9.900000e-01	-2.956980e-01	-1.887812e+02
1.000000e+00	-5.520446e-02	-1.885628e+02
1.007323e+00	1.111132e+00	-1.878389e+02
1.010000e+00	-4.140048e-01	-1.887951e+02
1.020000e+00	1.108241e+00	-1.883091e+02
1.027235e+00	-1.136935e+00	-1.891078e+02
1.030000e+00	4.374527e-01	-1.883469e+02
1.038319e+00	-9.286619e-01	-1.889898e+02
1.040000e+00	-4.670279e-01	-1.889157e+02
1.045340e+00	7.053285e-01	-1.884692e+02
1.050000e+00	1.186930e+00	-1.883623e+02
1.060000e+00	6.363174e-01	-1.885458e+02
1.068323e+00	1.033745e+00	-1.878266e+02
1.070000e+00	2.093839e-01	-1.883861e+02
1.076769e+00	1.281934e+00	-1.882133e+02
1.080000e+00	2.116195e-01	-1.886016e+02
1.090000e+00	-1.037829e-01	-1.887398e+02
1.098570e+00	-1.473399e+00	-1.889268e+02
1.100000e+00	-4.864038e-01	-1.889321e+02
1.103806e+00	1.057626e+00	-1.883765e+02
1.110000e+00	2.360841e+00	-1.868082e+02
1.118257e+00	1.316986e+00	-1.877693e+02
1.120000e+00	3.234398e-01	-1.884366e+02
1.126170e+00	1.195422e+00	-1.880565e+02
1.130000e+00	6.577562e-01	-1.886265e+02
1.134429e+00	1.254287e+00	-1.883086e+02
1.140000e+00	3.083251e-01	-1.886536e+02
1.149029e+00	1.018290e+00	-1.882001e+02
1.150000e+00	-8.084115e-01	-1.893056e+02
1.154490e+00	-9.143180e-01	-1.892131e+02
1.160000e+00	1.927772e+00	-1.873914e+02
1.166215e+00	2.038345e+00	-1.872779e+02
1.168998e+00	-1.503828e-01	-1.886363e+02
1.170000e+00	2.121191e-01	-1.885375e+02
1.178045e+00	1.567683e+00	-1.877186e+02
1.180000e+00	2.590856e-01	-1.885964e+02
1.185801e+00	1.209478e+00	-1.881636e+02
1.190000e+00	1.263798e+00	-1.884255e+02
1.193168e+00	-1.610270e+00	-1.894810e+02
1.200000e+00	2.532205e-01	-1.887400e+02
1.210000e+00	1.226716e+00	-1.878080e+02
1.213663e+00	-1.236675e+00	-1.890185e+02
1.220000e+00	-1.980820e+00	-1.896834e+02
1.227995e+00	-1.756507e+00	-1.896949e+02
1.230000e+00	-9.888633e-01	-1.893320e+02
1.240000e+00	1.240793e+00	-1.886251e+02
1.248916e+00	-1.711774e+00	-1.891471e+02
1.250000e+00	1.846606e+00	-1.871676e+02
1.257910e+00	-4.981497e-02	-1.890392e+02
1.260000e+00	3.832304e-01	-1.890563e+02
1.263873e+00	4.119661e-01	-1.880887e+02
1.270000e+00	-3.043076e-01	-1.892988e+02
1.275661e+00	-9.743391e-01	-1.890825e+02
1.280000e+00	-1.447337e+00	-1.891518e+02
1.288819e+00	1.035332e-01	-1.888352e+02
1.290000e+00	-2.713980e-01	-1.888922e+02
1.296353e+00	1.083369e+00	-1.880912e+02
1.300000e+00	4.265243e-01	-1.885648e+02
1.303373e+00	-1.002934e+00	-1.889235e+02
1.309410e+00	-1.421546e+00	-1.897210e+02
1.310000e+00	4.859061e-02	-1.888114e+02
1.320000e+00	3.811000e-01	-1.884479e+02
1.330000e+00	2.213185e+00	-1.871771e+02
1.340000e+00	-5.030185e-01	-1.888923e+02
1.343214e+00	9.323113e-01	-1.885910e+02
1.349242e+00	6.494501e-01	-1.885731e+02
1.350000e+00	-4.774504e-01	-1.891646e+02
1.356856e+00	-9.905200e-01	-1.890587e+02
1.360000e+00	1.142361e+00	-1.882259e+02
1.367724e+00	-1.794194e+00	-1.899121e+02
1.370000e+00	-1.917518e+00	-1.901719e+02
1.380000e+00	1.992449e-01	-1.886771e+02
1.384470e+00	-3.233968e+00	-1.897055e+02
1.390000e+00	-2.766153e-02	-1.888224e+02
1.399277e+00	4.962893e-01	-1.886549e+02
1.400000e+00	-1.513624e-01	-1.890516e+02
1.410000e+00	-4.362742e-01	-1.891102e+02
1.420000e+00	3.922248e-01	-1.894578e+02
1.422953e+00	-2.012927e+00	-1.896528e+02
1.430000e+00	1.144813e+00	-1.880078e+02
1.433234e+00	-1.566757e+00	-1.890320e+02
1.440000e+00	2.896071e-01	-1.885465e+02
1.448176e+00	-1.210656e+00	-1.894790e+02
1.450000e+00	-3.998961e-01	-1.890788e+02
1.455554e+00	-1.155743e+00	-1.891496e+02
1.460000e+00	3.221516e-01	-1.880944e+02
1.463850e+00	-7.123032e-01	-1.882983e+02
1.470000e+00	-1.331179e+00	-1.898956e+02
1.480000e+00	6.081267e-02	-1.885275e+02
1.483950e+00	1.112871e+00	-1.893030e+02
1.490000e+00	-5.310998e-01	-1.893074e+02
1.493276e+00	1.234996e+00	-1.884089e+02
1.500000e+00	-5.004827e-01	-1.887387e+02
1.506366e+00	1.144751e+00	-1.880643e+02
1.510000e+00	4.686629e-01	-1.884863e+02
1.513762e+00	-1.667474e+00	-1.894400e+02
1.520000e+00	-9.250791e-01	-1.898598e+02
1.527948e+00	-1.759953e+00	-1.895751e+02
1.530000e+00	-9.139952e-02	-1.886415e+02
1.538200e+00	1.528775e+00	-1.874973e+02
1.540000e+00	4.747876e-01	-1.881765e+02
1.545487e+00	1.143234e+00	-1.881737e+02
1.550000e+00	-1.446033e-01	-1.891943e+02
1.553644e+00	2.345164e+00	-1.873982e+02
1.560000e+00	2.318330e-01	-1.886560e+02
1.563758e+00	-1.771771e+00	-1.890565e+02
1.567609e+00	-6.087269e-01	-1.886927e+02
1.570000e+00	-3.589863e-01	-1.884761e+02
1.573736e+00	1.428791e+00	-1.882374e+02
1.580000e+00	3.039563e+00	-1.865157e+02
1.588704e+00	1.080568e+00	-1.880760e+02
1.590000e+00	2.898535e-01	-1.885518e+02
1.599165e+00	1.003800e+00	-1.883165e+02
1.600000e+00	-5.901771e-01	-1.892043e+02
1.605476e+00	1.163958e+00	-1.883229e+02
1.610000e+00	-4.463295e-01	-1.894046e+02
1.613600e+00	1.273148e+00	-1.883899e+02
1.620000e+00	1.651256e+00	-1.873799e+02
1.626376e+00	2.132434e+00	-1.871269e+02
1.630000e+00	-7.176034e-01	-1.884560e+02
1.632932e+00	1.182614e+00	-1.881567e+02
1.640000e+00	-1.159769e+00	-1.893569e+02
1.646615e+00	-1.819757e+00	-1.898141e+02
1.650000e+00	1.375593e+00	-1.880415e+02
1.654006e+00	-3.640693e+00	-1.893215e+02
1.660000e+00	-1.161156e+00	-1.895181e+02
1.663976e+00	1.755020e-01	-1.888822e+02
1.670000e+00	-9.543810e-01	-1.892560e+02
1.675920e+00	2.530245e-01	-1.893317e+02
1.679474e+00	-7.405737e-01	-1.894040e+02
1.680000e+00	-1.452639e-01	-1.890500e+02
1.689109e+00	1.017339e+00	-1.884491e+02
1.690000e+00	-7.678346e-01	-1.893340e+02
1.698489e+00	-1.295163e+00	-1.891121e+02
1.700000e+00	1.441464e-01	-1.885100e+02
1.710000e+00	-9.400422e-01	-1.895122e+02
1.717760e+00	-1.239941e+00	-1.891563e+02
1.720000e+00	1.030472e-01	-1.886267e+02
1.730000e+00	1.260646e+00	-1.883196e+02
1.733133e+00	-2.191616e+00	-1.898446e+02
1.738386e+00	1.321636e+00	-1.882113e+02
1.740000e+00	6.677116e-01	-1.883177e+02
1.745316e+00	-9.095063e-01	-1.888370e+02
1.750000e+00	7.239511e-01	-1.877099e+02
1.759593e+00	-3.181651e-01	-1.890929e+02
1.760000e+00	-6.088618e-02	-1.888931e+02
1.770000e+00	-4.786281e-01	-1.888381e+02
1.773438e+00	8.058516e-01	-1.886280e+02
1.780000e+00	1.851299e+00	-1.876977e+02
1.782753e+00	-5.118200e-01	-1.886514e+02
1.788846e+00	1.207212e+00	-1.880781e+02
1.790000e+00	1.725889e-01	-1.885072e+02
1.797335e+00	-1.023974e+00	-1.891332e+02
1.800000e+00	5.141715e-01	-1.883838e+02
1.809215e+00	2.987756e-02	-1.886015e+02
1.810000e+00	8.270938e-02	-1.885674e+02
1.818542e+00	1.493346e+00	-1.881376e+02
1.820000e+00	7.244804e-01	-1.881000e+02
1.830000e+00	-1.069653e+00	-1.892151e+02
1.833158e+00	1.727155e+00	-1.876042e+02
1.840000e+00	1.062933e+00	-1.884135e+02
1.850000e+00	-1.582401e+00	-1.897911e+02
1.860000e+00	4.124657e-01	-1.882594e+02
1.870000e+00	9.689532e-02	-1.888885e+02
1.880000e+00	7.681948e-01	-1.888435e+02
1.887180e+00	-1.482813e+00	-1.897465e+02
1.890000e+00	1.970377e-01	-1.888667e+02
1.895425e+00	1.306232e+00	-1.882678e+02
1.900000e+00	-4.874372e-01	-1.892144e+02
1.905208e+00	-8.263244e-01	-1.890899e+02
1.910000e+00	1.653837e-01	-1.886897e+02
1.916879e+00	-1.355684e+00	-1.894323e+02
1.920000e+00	1.659033e+00	-1.876382e+02
1.924848e+00	2.151862e+00	-1.865026e+02
1.928823e+00	-2.461631e-02	-1.882980e+02
1.930000e+00	5.478283e-01	-1.885177e+02
1.932938e+00	1.439089e+00	-1.884086e+02
1.940000e+00	-2.098093e+00	-1.897611e+02
1.945964e+00	-1.578090e+00	-1.890997e+02
1.950000e+00	9.727785e-03	-1.885909e+02
1.958080e+00	1.360116e+00	-1.882414e+02
1.960000e+00	1.753373e+00	-1.880296e+02
1.970000e+00	3.581687e-01	-1.881491e+02
1.975012e+00	1.844387e+00	-1.879235e+02
1.980000e+00	1.104536e+00	-1.874219e+02
1.990000e+00	-2.673441e-01	-1.887771e+02
1.999101e+00	-1.204156e+00	-1.895132e+02
2.000000e+00	5.107359e-01	-1.884704e+02
2.006561e+00	-9.405839e-01	-1.890012e+02
2.010000e+00	-2.507126e-01	-1.887449e+02
2.018263e+00	1.351493e+00	-1.876362e+02
2.020000e+00	3.351650e-01	-1.882964e+02
2.026147e+00	1.209161e+00	-1.880082e+02
2.030000e+00	7.194197e-01	-1.885265e+02
2.033442e+00	-1.264767e+00	-1.891865e+02
2.040000e+00	-1.169090e-01	-1.890775e+02
2.050000e+00	1.242700e+00	-1.880028e+02
2.053238e+00	-1.665577e+00	-1.890953e+02
2.060000e+00	3.347412e-01	-1.885513e+02
2.065200e+00	1.170122e+00	-1.881384e+02
2.070000e+00	-9.745317e-01	-1.897259e+02
2.073530e+00	1.348648e+00	-1.882794e+02
2.080000e+00	1.908286e+00	-1.876103e+02
2.090000e+00	-5.888246e-02	-1.884370e+02
2.093890e+00	1.069923e+00	-1.892137e+02
2.100000e+00	-7.001823e-01	-1.893070e+02
2.103234e+00	6.283603e-01	-1.888073e+02
2.108756e+00	-1.497719e+00	-1.890210e+02
2.110000e+00	3.022226e-02	-1.886535e+02
2.118422e+00	-7.808554e-01	-1.888278e+02
2.120000e+00	-2.558318e-01	-1.885323e+02
2.129077e+00	-1.442519e+00	-1.893167e+02
2.130000e+00	8.021310e-01	-1.879917e+02
2.134712e+00	1.144095e+00	-1.878724e+02
2.140000e+00	-1.704768e+00	-1.896249e+02
2.142932e+00	1.235760e+00	-1.881442e+02
2.150000e+00	-9.906188e-01	-1.889629e+02
2.155557e+00	1.189010e+00	-1.879845e+02
2.160000e+00	1.553858e-01	-1.889465e+02
2.167368e+00	-1.126662e+00	-1.890674e+02
2.170000e+00	5.268477e-01	-1.882304e+02
2.179233e+00	6.625118e-02	-1.885156e+02
2.180000e+00	6.915923e-02	-1.885139e+02
2.190000e+00	-9.834172e-01	-1.893749e+02
2.198683e+00	-6.087272e-01	-1.884679e+02
2.200000e+00	1.392333e+00	-1.880116e+02
2.210000e+00	-5.621735e-02	-1.886050e+02
2.213911e+00	9.133928e-01	-1.890688e+02
2.220000e+00	1.006375e+00	-1.875622e+02
2.226634e+00	1.270189e+00	-1.880769e+02
2.230000e+00	3.168017e-01	-1.885427e+02
2.235369e+00	1.360536e+00	-1.882106e+02
2.240000e+00	-1.195790e+00	-1.894866e+02
2.250000e+00	-2.449994e-01	-1.890410e+02
2.253910e+00	2.637207e+00	-1.870233e+02
2.258405e+00	5.883065e-01	-1.882558e+02
2.260000e+00	-1.301300e+00	-1.887380e+02
2.270000e+00	-2.434589e-01	-1.886233e+02
2.275894e+00	1.262175e+00	-1.882093e+02
2.280000e+00	1.289339e+00	-1.882699e+02
2.283152e+00	-1.536049e+00	-1.892903e+02
2.290000e+00	1.732459e-01	-1.887450e+02
2.294216e+00	-1.154039e-01	-1.881190e+02
2.299445e+00	1.297091e+00	-1.877253e+02
2.300000e+00	5.102522e-01	-1.883297e+02
2.306149e+00	1.207652e+00	-1.882513e+02
2.310000e+00	7.494786e-01	-1.886670e+02
2.313385e+00	-1.192847e+00	-1.892313e+02
2.320000e+00	1.996441e-01	-1.889112e+02
2.326445e+00	-8.807125e-01	-1.891848e+02
2.330000e+00	-3.078082e-01	-1.888630e+02
2.339055e+00	-5.931013e-01	-1.887743e+02
2.340000e+00	6.960819e-01	-1.880377e+02
2.344983e+00	1.087870e+00	-1.881260e+02
2.350000e+00	-1.203705e+00	-1.897924e+02
2.355310e+00	6.175455e-01	-1.885230e+02
2.360000e+00	1.063192e+00	-1.884003e+02
2.370000e+00	8.184872e-01	-1.882472e+02
2.380000e+00	-2.044682e-01	-1.884051e+02
2.385449e+00	4.736019e-01	-1.876055e+02
2.390000e+00	-7.617703e-01	-1.898389e+02
2.393691e+00	1.370850e+00	-1.883839e+02
2.400000e+00	1.182096e+00	-1.883367e+02
2.410000e+00	-1.426735e+00	-1.898028e+02
2.420000e+00	4.339057e-01	-1.882544e+02
2.430000e+00	1.232647e-01	-1.888424e+02
2.440000e+00	7.369812e-01	-1.889294e+02
2.450000e+00	-8.785566e-01	-1.885690e+02
2.452808e+00	1.116616e+00	-1.882575e+02
2.460000e+00	-1.236170e+00	-1.895102e+02
2.470000e+00	3.811902e-01	-1.891984e+02
2.473190e+00	-1.218393e+00	-1.891199e+02
2.479092e+00	-9.566465e-01	-1.891932e+02
2.480000e+00	5.622918e-01	-1.883141e+02
2.486937e+00	-1.344909e+00	-1.891117e+02
2.490000e+00	2.402356e+00	-1.868404e+02
2.498237e+00	1.341283e+00	-1.878116e+02
2.500000e+00	3.525142e-01	-1.884722e+02
2.508165e+00	1.735840e+00	-1.876763e+02
2.510000e+00	5.637209e-01	-1.884327e+02
2.517477e+00	2.190592e+00	-1.873748e+02
2.520000e+00	8.193957e-02	-1.887711e+02
2.529364e+00	5.414760e-01	-1.885279e+02
2.530000e+00	-1.485053e-02	-1.888906e+02
2.536611e+00	1.617687e+00	-1.877422e+02
2.540000e+00	6.358413e-01	-1.885719e+02
2.545457e+00	-7.447439e-01	-1.889847e+02
2.550000e+00	-1.746370e+00	-1.894041e+02
2.558020e+00	-1.682227e+00	-1.897228e+02
2.560000e+00	-8.854910e-01	-1.893672e+02
2.566524e+00	-1.583216e+00	-1.896671e+02
2.570000e+00	4.281461e-01	-1.888173e+02
2.580000e+00	-5.208325e-01	-1.884804e+02
2.583202e+00	1.319289e+00	-1.881678e+02
2.589293e+00	1.054097e+00	-1.874577e+02
2.590000e+00	1.326168e+00	-1.873012e+02
2.593237e+00	-7.164143e-01	-1.887454e+02
2.600000e+00	6.275442e-01	-1.882230e+02
2.605926e+00	-6.858332e-01	-1.888750e+02
2.610000e+00	-8.083343e-01	-1.891643e+02
2.612832e+00	6.283461e-01	-1.886580e+02
2.619239e+00	5.911344e-01	-1.884619e+02
2.620000e+00	-3.487373e-01	-1.889961e+02
2.630000e+00	9.782291e-01	-1.883007e+02
2.640000e+00	2.324023e-01	-1.883563e+02
2.650000e+00	3.327142e-01	-1.883895e+02
2.658958e+00	1.257242e+00	-1.880110e+02
2.660000e+00	-2.830691e-03	-1.885222e+02
2.670000e+00	-1.420319e-03	-1.886087e+02
2.678291e+00	1.171150e+00	-1.883274e+02
2.680000e+00	5.360985e-01	-1.886018e+02
2.688348e+00	9.965622e-01	-1.880232e+02
2.690000e+00	1.672845e-01	-1.885602e+02
2.697097e+00	1.496479e+00	-1.882260e+02
2.700000e+00	-2.250474e+00	-1.901735e+02
2.705312e+00	1.380176e+00	-1.881998e+02
2.710000e+00	-7.349228e-01	-1.891508e+02
2.714591e+00	-7.930846e-01	-1.890359e+02
2.720000e+00	1.082802e+00	-1.880940e+02
2.724316e+00	2.255057e+00	-1.869429e+02
2.727113e+00	-1.165238e-01	-1.884013e+02
2.730000e+00	1.924402e-01	-1.885893e+02
2.735100e+00	1.132211e+00	-1.880524e+02
2.740000e+00	-1.048334e+00	-1.897368e+02
2.743469e+00	1.235579e+00	-1.883709e+02
2.750000e+00	2.051559e-01	-1.882717e+02
2.760000e+00	-1.255273e+00	-1.893102e+02
2.770000e+00	5.616356e-01	-1.880217e+02
2.776143e+00	1.041799e+00	-1.882280e+02
2.780000e+00	5.889797e-01	-1.885741e+02
2.783119e+00	-6.726271e-01	-1.888199e+02
2.790000e+00	7.122354e-01	-1.880883e+02
2.793585e+00	-1.143256e+00	-1.887704e+02
2.800000e+00	-1.945504e+00	-1.896955e+02
2.804788e+00	-1.217782e+00	-1.889085e+02
2.810000e+00	-4.881099e-01	-1.885962e+02
2.813018e+00	1.232682e+00	-1.883471e+02
2.819071e+00	1.425728e+00	-1.879828e+02
2.820000e+00	-6.596694e-01	-1.891925e+02
2.826116e+00	1.142384e+00	-1.882893e+02
2.830000e+00	7.475885e-01	-1.885607e+02
2.833450e+00	-1.328373e+00	-1.892446e+02
2.840000e+00	-1.843423e+00	-1.899941e+02
2.845943e+00	-5.936213e-01	-1.888127e+02
2.850000e+00	1.060434e+00	-1.884310e+02
2.860000e+00	8.024115e-01	-1.883478e+02
2.868634e+00	1.101740e+00	-1.882030e+02
2.870000e+00	3.202738e-01	-1.886000e+02
2.878179e+00	1.277833e+00	-1.882720e+02
2.880000e+00	7.944043e-01	-1.884918e+02
2.885561e+00	-1.439981e+00	-1.889420e+02
2.889212e+00	-1.876249e-01	-1.886743e+02
2.890000e+00	1.708263e-01	-1.885409e+02
2.899338e+00	1.494350e+00	-1.878934e+02
2.900000e+00	-8.600685e-01	-1.894372e+02
2.903614e+00	1.577113e+00	-1.882083e+02
2.910000e+00	4.840906e-01	-1.882724e+02
2.920000e+00	8.575366e-01	-1.881997e+02
2.923351e+00	-6.134961e-01	-1.885805e+02
2.928647e+00	1.336830e+00	-1.882400e+02
2.930000e+00	4.337456e-01	-1.884060e+02
2.933727e+00	-5.506310e-01	-1.888504e+02
2.940000e+00	-3.933047e-01	-1.889946e+02
2.950000e+00	3.239494e-01	-1.893141e+02
2.959049e+00	-1.262992e+00	-1.892562e+02
2.960000e+00	8.587229e-01	-1.880379e+02
2.965952e+00	-1.013043e+00	-1.890701e+02
2.970000e+00	-9.475185e-01	-1.889791e+02
2.972743e+00	6.263515e-01	-1.883962e+02
2.979243e+00	5.992491e-01	-1.883124e+02
2.980000e+00	-3.222068e-01	-1.888465e+02
2.990000e+00	8.964128e-01	-1.882756e+02
2.995434e+00	-8.287062e-01	-1.891251e+02
3.000000e+00	-1.304804e+00	-1.889842e+02
3.010000e+00	1.638615e+00	-1.881967e+02
3.018966e+00	-1.433885e+00	-1.892195e+02
3.020000e+00	1.422680e+00	-1.875562e+02
3.026363e+00	1.695116e+00	-1.874925e+02
3.030000e+00	-3.178632e-01	-1.885440e+02
3.040000e+00	1.203565e+00	-1.885805e+02
3.050000e+00	1.378629e+00	-1.880691e+02
3.053081e+00	-1.313858e+00	-1.890238e+02
3.059228e+00	-3.387597e-01	-1.886670e+02
3.060000e+00	4.801834e-01	-1.883190e+02
3.065021e+00	1.379260e+00	-1.881623e+02
3.068985e+00	1.333543e+00	-1.881063e+02
3.070000e+00	-1.267029e+00	-1.895730e+02
3.073278e+00	1.356074e+00	-1.882574e+02
3.080000e+00	-6.998260e-01	-1.890326e+02
3.088248e+00	-9.933005e-01	-1.893131e+02
3.090000e+00	-2.573357e-01	-1.888815e+02
3.096172e+00	-1.135238e+00	-1.891483e+02
3.100000e+00	-7.020127e-01	-1.888397e+02
3.103366e+00	1.860868e+00	-1.872160e+02
3.110000e+00	2.418706e-01	-1.885831e+02
3.120000e+00	7.498324e-01	-1.884636e+02
3.127198e+00	-1.400004e+00	-1.894497e+02
3.130000e+00	1.974728e-01	-1.886665e+02
3.135563e+00	1.365101e+00	-1.881290e+02
3.140000e+00	-3.025636e-01	-1.889942e+02
3.146035e+00	-8.862697e-01	-1.889273e+02
3.150000e+00	-7.125593e-01	-1.888845e+02
3.152884e+00	5.607585e-01	-1.885292e+02
3.160000e+00	5.440321e-01	-1.879606e+02
3.169018e+00	1.282363e+00	-1.881069e+02
3.170000e+00	-1.316516e-01	-1.887039e+02
3.178248e+00	-1.013359e+00	-1.892732e+02
3.180000e+00	-2.381399e-01	-1.888775e+02
3.186644e+00	-1.491113e+00	-1.890872e+02
3.190000e+00	2.979718e-02	-1.885710e+02
3.198653e+00	1.274217e+00	-1.882242e+02
3.200000e+00	3.757099e-01	-1.885165e+02
3.210000e+00	-3.292347e-01	-1.892920e+02
3.215442e+00	-1.168134e+00	-1.891264e+02
3.220000e+00	6.359730e-01	-1.878813e+02
3.223925e+00	-9.465374e-01	-1.885859e+02
3.230000e+00	-1.428303e+00	-1.898394e+02
3.234567e+00	-2.299910e+00	-1.898641e+02
3.239448e+00	1.250443e+00	-1.876521e+02
3.240000e+00	4.778396e-01	-1.882063e+02
3.248160e+00	7.361308e-01	-1.884799e+02
3.250000e+00	5.148379e-01	-1.886344e+02
3.258712e+00	1.215962e+00	-1.883630e+02
3.260000e+00	2.806436e-01	-1.886596e+02
3.270000e+00	-1.278120e+00	-1.890868e+02
3.274147e+00	-1.459679e+00	-1.891644e+02
3.280000e+00	-3.733957e-01	-1.892334e+02
3.290000e+00	-5.152948e-01	-1.888970e+02
3.296360e+00	1.123247e+00	-1.881700e+02
3.300000e+00	4.579895e-01	-1.885720e+02
3.303774e+00	-1.704161e+00	-1.895349e+02
3.310000e+00	-6.516535e-01	-1.897630e+02
3.317461e+00	-7.416550e-01	-1.887874e+02
3.320000e+00	-5.284026e-01	-1.884450e+02
3.323192e+00	1.322121e+00	-1.881372e+02
3.329310e+00	1.075325e+00	-1.873502e+02
3.330000e+00	1.496513e+00	-1.870896e+02
3.334733e+00	1.465044e+00	-1.877007e+02
3.340000e+00	1.066429e+00	-1.887247e+02
3.350000e+00	-1.687672e-01	-1.887449e+02
3.353886e+00	9.824463e-01	-1.892198e+02
3.358246e+00	-1.139120e+00	-1.894876e+02
3.360000e+00	-3.017851e-01	-1.889379e+02
3.366233e+00	-1.859895e+00	-1.895262e+02
3.370000e+00	-6.411656e-01	-1.888983e+02
3.374755e+00	-8.754361e-01	-1.889574e+02
3.380000e+00	1.559278e+00	-1.871642e+02
3.385472e+00	-5.959903e-01	-1.887176e+02
3.390000e+00	-1.319224e+00	-1.890803e+02
3.400000e+00	8.483677e-01	-1.884887e+02
3.403125e+00	-5.974590e-01	-1.887325e+02
3.410000e+00	5.785847e-01	-1.881874e+02
3.420000e+00	-1.047029e+00	-1.892346e+02
3.423327e+00	-3.266134e-01	-1.891726e+02
3.429024e+00	-1.441985e+00	-1.891017e+02
3.430000e+00	1.566304e+00	-1.878084e+02
3.438510e+00	1.134136e+00	-1.881327e+02
3.440000e+00	4.417992e-01	-1.885405e+02
3.446060e+00	-1.118848e+00	-1.890607e+02
3.450000e+00	-1.017856e+00	-1.892618e+02
3.453120e+00	1.482215e+00	-1.880219e+02
3.459201e+00	5.755017e-01	-1.886214e+02
3.460000e+00	-4.726916e-01	-1.891485e+02
3.467939e+00	1.793232e+00	-1.873721e+02
3.470000e+00	3.596075e-01	-1.883412e+02
3.475178e+00	1.179297e+00	-1.882081e+02
3.480000e+00	-1.164343e+00	-1.898180e+02
3.483501e+00	1.567539e+00	-1.879578e+02
3.490000e+00	8.726445e-01	-1.883707e+02
3.493579e+00	-1.446211e+00	-1.889785e+02
3.500000e+00	-5.467688e-01	-1.885238e+02
3.503174e+00	1.297449e+00	-1.881829e+02
3.509202e+00	1.039637e+00	-1.877440e+02
3.510000e+00	6.548728e-01	-1.880366e+02
3.516741e+00	-7.057447e-01	-1.899858e+02
3.520000e+00	4.854068e-01	-1.885595e+02
3.525490e+00	-1.368594e+00	-1.890167e+02
3.529112e+00	-2.566384e-01	-1.885023e+02
3.530000e+00	3.711632e-01	-1.881444e+02
3.535962e+00	1.228044e+00	-1.878896e+02
3.540000e+00	9.903094e-01	-1.883400e+02
3.545083e+00	-2.600983e-01	-1.885377e+02
3.550000e+00	-1.470580e+00	-1.891173e+02
3.555814e+00	-8.801698e-01	-1.890121e+02
3.560000e+00	-2.826983e-01	-1.887006e+02
3.565771e+00	1.266094e+00	-1.882775e+02
3.570000e+00	2.140372e+00	-1.877849e+02
3.573503e+00	-2.926060e+00	-1.904406e+02
3.580000e+00	1.241741e+00	-1.880252e+02
3.587166e+00	2.340397e+00	-1.881050e+02
3.590000e+00	-1.030705e+00	-1.893562e+02
3.600000e+00	1.974639e+00	-1.877597e+02
3.604639e+00	2.038476e+00	-1.871026e+02
3.608653e+00	2.591228e-02	-1.885727e+02
3.610000e+00	3.652800e-01	-1.886859e+02
3.616153e+00	-3.843945e-01	-1.891551e+02
3.620000e+00	7.287351e-01	-1.885194e+02
3.623371e+00	-1.349189e+00	-1.890394e+02
3.627261e+00	-7.915539e-01	-1.888528e+02
3.630000e+00	-7.707854e-01	-1.884067e+02
3.632874e+00	1.149760e+00	-1.881147e+02
3.640000e+00	-1.165078e+00	-1.893537e+02
3.646574e+00	-1.924109e+00	-1.899432e+02
3.650000e+00	1.627385e+00	-1.878254e+02
3.656375e+00	2.991724e+00	-1.865329e+02
3.660000e+00	-6.303249e-01	-1.890067e+02
3.664653e+00	2.462733e+00	-1.836408e+02
3.670000e+00	-1.932111e-01	-1.911411e+02
3.679167e+00	-3.128590e+00	-1.902289e+02
3.680000e+00	5.360209e-01	-1.888544e+02
3.686270e+00	1.809801e+00	-1.880117e+02
3.690000e+00	-8.283570e-01	-1.887860e+02
3.692862e+00	1.119476e+00	-1.883891e+02
3.699072e+00	1.428431e+00	-1.880555e+02
3.700000e+00	-7.210094e-01	-1.892890e+02
3.706098e+00	1.180074e+00	-1.882919e+02
3.710000e+00	8.280575e-01	-1.885198e+02
3.713377e+00	-1.210552e+00	-1.891266e+02
3.720000e+00	-3.357422e-01	-1.892722e+02
3.725835e+00	1.298548e+00	-1.883553e+02
3.730000e+00	-4.168181e-01	-1.890399e+02
3.740000e+00	-2.343787e-01	-1.883909e+02
3.743601e+00	1.376626e+00	-1.882910e+02
3.750000e+00	5.139630e-01	-1.879654e+02
3.756096e+00	1.134770e+00	-1.881891e+02
3.760000e+00	7.658365e-01	-1.884681e+02
3.763437e+00	-1.302788e+00	-1.891521e+02
3.770000e+00	-1.974310e+00	-1.898875e+02
3.780000e+00	-8.121410e-02	-1.884341e+02
3.785958e+00	1.067762e+00	-1.882770e+02
3.790000e+00	8.053622e-01	-1.885725e+02
3.793382e+00	-1.272336e+00	-1.892143e+02
3.800000e+00	-7.495074e-02	-1.890529e+02
3.810000e+00	-9.758210e-01	-1.891926e+02
3.820000e+00	9.968757e-01	-1.882855e+02
3.823028e+00	-4.220785e-01	-1.885572e+02
3.828641e+00	1.295050e+00	-1.881978e+02
3.830000e+00	3.952051e-01	-1.884377e+02
3.840000e+00	-3.193605e-01	-1.892089e+02
3.845477e+00	-1.158809e+00	-1.890841e+02
3.850000e+00	5.462698e-01	-1.879070e+02
3.853920e+00	-8.745421e-01	-1.884778e+02
3.860000e+00	-1.424458e+00	-1.898335e+02
3.864579e+00	-2.374368e+00	-1.899094e+02
3.868907e+00	-1.229304e+00	-1.895669e+02
3.870000e+00	8.922929e-01	-1.884096e+02
3.875457e+00	-8.659117e-01	-1.888590e+02
3.880000e+00	8.159809e-02	-1.888097e+02
3.887464e+00	-1.306470e+00	-1.891060e+02
3.890000e+00	7.161943e-01	-1.881115e+02
3.899068e+00	1.336733e+00	-1.881375e+02
3.900000e+00	-1.127136e+00	-1.893308e+02
3.903035e+00	1.427869e+00	-1.880008e+02
3.910000e+00	1.740844e+00	-1.880690e+02
3.918977e+00	-1.160743e+00	-1.891191e+02
3.920000e+00	1.161499e+00	-1.877540e+02
3.926434e+00	8.190058e-01	-1.884672e+02
3.930000e+00	-2.893232e-01	-1.891624e+02
3.937899e+00	-8.973592e-01	-1.890493e+02
3.940000e+00	-6.454083e-01	-1.887077e+02
3.946387e+00	-2.107869e+00	-1.897970e+02
3.950000e+00	1.130927e+00	-1.886937e+02
3.955865e+00	2.000739e+00	-1.871936e+02
3.958562e+00	-1.173360e-03	-1.883901e+02
3.960000e+00	1.165817e-01	-1.884505e+02
3.966609e+00	1.202254e+00	-1.882531e+02
3.970000e+00	2.884133e-01	-1.885974e+02
3.978131e+00	-1.504028e+00	-1.896311e+02
3.980000e+00	-5.736131e-01	-1.891059e+02
3.984938e+00	-9.040869e-01	-1.890755e+02
3.990000e+00	1.264126e+00	-1.873448e+02
3.992511e+00	2.462753e-01	-1.882518e+02
3.998393e+00	1.344705e+00	-1.881643e+02
4.000000e+00	9.957051e-01	-1.881130e+02
4.010000e+00	-4.331154e-01	-1.887242e+02
4.014669e+00	-1.350461e+00	-1.890549e+02
4.018905e+00	-1.865345e+00	-1.891191e+02
4.020000e+00	2.109248e+00	-1.869618e+02
4.023776e+00	-2.720012e+00	-1.890173e+02
4.030000e+00	3.722914e-01	-1.885922e+02
4.033706e+00	1.769603e+00	-1.885295e+02
4.040000e+00	2.204000e-01	-1.881902e+02
4.047547e+00	-2.056434e+00	-1.903706e+02
4.050000e+00	2.707185e-01	-1.888530e+02
4.060000e+00	-1.339503e+00	-1.890980e+02
4.065257e+00	3.276107e-01	-1.889475e+02
4.070000e+00	1.741344e+00	-1.879214e+02
4.078683e+00	1.138096e+00	-1.881642e+02
4.080000e+00	3.116635e-01	-1.885572e+02
4.090000e+00	-3.101445e-01	-1.893224e+02
4.095502e+00	-1.191409e+00	-1.891454e+02
4.100000e+00	5.419120e-01	-1.879664e+02
4.103979e+00	-1.012853e+00	-1.886551e+02
4.110000e+00	-9.934325e-01	-1.898013e+02
4.117768e+00	-8.863519e-01	-1.891026e+02
4.120000e+00	1.213004e-01	-1.885794e+02
4.130000e+00	1.566521e+00	-1.878386e+02
4.140000e+00	3.525539e-02	-1.888852e+02
4.145842e+00	1.097236e+00	-1.883125e+02
4.150000e+00	1.673273e+00	-1.879673e+02
4.153819e+00	4.835899e-01	-1.885911e+02
4.160000e+00	-1.153958e+00	-1.890029e+02
4.167255e+00	2.222587e+00	-1.870738e+02
4.170000e+00	-1.875310e-02	-1.884256e+02
4.173333e+00	-3.024954e-02	-1.884581e+02
4.178889e+00	1.393238e+00	-1.882606e+02
4.180000e+00	-1.995131e+00	-1.895111e+02
4.188794e+00	-1.113554e+00	-1.891380e+02
4.190000e+00	-9.881618e-02	-1.887808e+02
4.197412e+00	1.127557e+00	-1.880830e+02
4.200000e+00	-3.951784e-01	-1.889438e+02
4.210000e+00	1.188325e+00	-1.881002e+02
4.217206e+00	-2.217492e+00	-1.901652e+02
4.220000e+00	1.870258e-01	-1.887134e+02
4.229016e+00	9.770666e-01	-1.881814e+02
4.230000e+00	-8.785729e-01	-1.892522e+02
4.236608e+00	-2.135924e+00	-1.898435e+02
4.240000e+00	8.538564e-01	-1.885190e+02
4.242899e+00	-1.133490e+00	-1.890690e+02
4.249041e+00	-1.348719e+00	-1.892797e+02
4.250000e+00	9.539725e-01	-1.879648e+02
4.255812e+00	-1.008884e+00	-1.890986e+02
4.260000e+00	-1.167395e+00	-1.890430e+02
4.263855e+00	-5.206608e-01	-1.888543e+02
4.270000e+00	-3.078313e-01	-1.890113e+02
4.278276e+00	1.293704e+00	-1.876661e+02
4.280000e+00	3.077744e-01	-1.883114e+02
4.286255e+00	1.217129e+00	-1.880248e+02
4.290000e+00	6.113029e-01	-1.885523e+02
4.293587e+00	-1.466491e+00	-1.893668e+02
4.300000e+00	-1.516772e+00	-1.900632e+02
4.304210e+00	-1.071252e+00	-1.893097e+02
4.310000e+00	3.491321e-01	-1.881519e+02
4.317805e+00	1.137068e+00	-1.881718e+02
4.320000e+00	-7.615210e-02	-1.888368e+02
4.328793e+00	-1.141057e+00	-1.892396e+02
4.330000e+00	-1.108104e-01	-1.888821e+02
4.337322e+00	1.135725e+00	-1.881302e+02
4.340000e+00	-5.030404e-01	-1.890319e+02
4.350000e+00	-2.477636e-01	-1.891520e+02
4.360000e+00	6.017863e-02	-1.886554e+02
4.370000e+00	2.954042e-01	-1.881831e+02
4.374008e+00	-1.025338e+00	-1.882075e+02
4.378833e+00	6.673588e-01	-1.887057e+02
4.380000e+00	-9.879888e-01	-1.893135e+02
4.390000e+00	-1.533408e+00	-1.900507e+02
4.393364e+00	1.576068e+00	-1.879082e+02
4.400000e+00	8.548937e-01	-1.884019e+02
4.409076e+00	-4.643039e-01	-1.887224e+02
4.410000e+00	5.532133e-01	-1.881361e+02
4.415284e+00	1.050090e+00	-1.881542e+02
4.420000e+00	-3.915894e-01	-1.894249e+02
4.427772e+00	4.153747e-01	-1.886237e+02
4.430000e+00	2.373972e-01	-1.888096e+02
4.438940e+00	1.580376e+00	-1.879122e+02
4.440000e+00	-1.687738e+00	-1.896829e+02
4.443710e+00	2.201267e+00	-1.868916e+02
4.447759e+00	6.792459e-02	-1.884179e+02
4.450000e+00	-2.834476e-01	-1.890849e+02
4.453362e+00	2.419582e-01	-1.886687e+02
4.457616e+00	-1.719688e+00	-1.891012e+02
4.460000e+00	1.680691e-01	-1.886633e+02
4.470000e+00	-5.200705e-01	-1.890089e+02
4.480000e+00	2.360124e+00	-1.874672e+02
4.483545e+00	-3.411349e+00	-1.906137e+02
4.488579e+00	-3.444438e-03	-1.886737e+02
4.490000e+00	2.326268e-01	-1.887519e+02
4.500000e+00	1.160693e+00	-1.874716e+02
4.503532e+00	-1.114748e+00	-1.887883e+02
4.510000e+00	-2.232827e+00	-1.900163e+02
4.515237e+00	1.319592e+00	-1.883404e+02
4.519028e+00	9.485807e-01	-1.883187e+02
4.520000e+00	-8.709833e-01	-1.893603e+02
4.526640e+00	-2.068949e+00	-1.898617e+02
4.530000e+00	7.531202e-01	-1.885801e+02
4.538634e+00	-1.632958e-01	-1.884402e+02
4.540000e+00	6.055086e-01	-1.884254e+02
4.550000e+00	-1.193189e-01	-1.889858e+02
4.552766e+00	6.785208e-02	-1.886795e+02
4.558382e+00	-1.294188e+00	-1.888687e+02
4.560000e+00	-9.414681e-01	-1.894055e+02
4.563130e+00	1.000184e+00	-1.885919e+02
4.569158e+00	8.700030e-01	-1.882319e+02
4.570000e+00	-2.948221e-01	-1.889156e+02
4.579484e+00	-1.133391e+00	-1.894246e+02
4.580000e+00	2.817875e-01	-1.884591e+02
4.590000e+00	-1.838076e-01	-1.876785e+02
4.599140e+00	1.016842e+00	-1.884074e+02
4.600000e+00	-8.226828e-01	-1.893233e+02
4.610000e+00	1.133984e+00	-1.886772e+02
4.620000e+00	1.343604e+00	-1.880924e+02
4.623094e+00	-1.365390e+00	-1.890674e+02
4.630000e+00	-9.278694e-02	-1.888826e+02
4.633164e+00	3.790746e-02	-1.887038e+02
4.636582e+00	-6.832700e-03	-1.886964e+02
4.640000e+00	8.375067e-02	-1.888323e+02
4.646351e+00	1.232788e+00	-1.880307e+02
4.650000e+00	5.373412e-01	-1.885574e+02
4.653201e+00	-2.596440e-01	-1.884223e+02
4.658707e+00	1.266826e+00	-1.882210e+02
4.660000e+00	3.126369e-01	-1.885150e+02
4.670000e+00	-6.292723e-01	-1.888511e+02
4.675542e+00	1.367929e+00	-1.881909e+02
4.680000e+00	1.190525e+00	-1.874928e+02
4.686614e+00	1.299592e+00	-1.881713e+02
4.690000e+00	1.517859e-01	-1.887659e+02
4.698505e+00	-1.281826e+00	-1.891898e+02
4.700000e+00	-6.836092e-01	-1.890966e+02
4.703425e+00	5.932500e-01	-1.884233e+02
4.707535e+00	-1.718722e+00	-1.892811e+02
4.710000e+00	8.450715e-02	-1.885587e+02
4.720000e+00	8.131244e-01	-1.886233e+02
4.725355e+00	-1.361345e+00	-1.893565e+02
4.730000e+00	-6.123066e-03	-1.889158e+02
4.740000e+00	-6.513917e-01	-1.888827e+02
4.750000e+00	6.514853e-01	-1.884824e+02
4.760000e+00	-6.533617e-01	-1.884705e+02
4.763011e+00	1.215172e+00	-1.881566e+02
4.769075e+00	1.395127e+00	-1.878549e+02
4.770000e+00	-6.246797e-01	-1.890347e+02
4.776183e+00	1.163090e+00	-1.881855e+02
4.780000e+00	6.848891e-01	-1.884984e+02
4.783457e+00	-1.279607e+00	-1.891330e+02
4.790000e+00	-1.878653e-01	-1.890929e+02
4.800000e+00	-2.226785e-01	-1.885626e+02
4.806237e+00	1.340035e+00	-1.880991e+02
4.810000e+00	8.205532e-01	-1.883372e+02
4.815594e+00	-8.237338e-01	-1.891068e+02
4.820000e+00	-1.090022e+00	-1.889620e+02
4.823916e+00	-4.845318e-01	-1.887739e+02
4.830000e+00	-2.716607e-01	-1.890144e+02
4.835688e+00	-1.443101e+00	-1.891077e+02
4.840000e+00	-2.244332e+00	-1.891493e+02
4.846597e+00	-2.653802e-01	-1.885843e+02
4.850000e+00	1.150979e+00	-1.884512e+02
4.857235e+00	-1.299883e+00	-1.892425e+02
4.860000e+00	5.026456e-01	-1.883773e+02
4.870000e+00	7.673461e-03	-1.887232e+02
4.880000e+00	1.337944e+00	-1.883475e+02
4.882642e+00	-7.399822e-01	-1.891735e+02
4.890000e+00	1.695475e+00	-1.874549e+02
4.898684e+00	5.733702e-01	-1.886595e+02
4.900000e+00	-1.027009e+00	-1.891494e+02
4.903001e+00	1.172015e+00	-1.882986e+02
4.909062e+00	1.444947e+00	-1.877875e+02
4.910000e+00	-6.925041e-01	-1.890262e+02
4.916033e+00	1.167622e+00	-1.881406e+02
4.920000e+00	8.812032e-01	-1.884088e+02
4.923340e+00	-1.159924e+00	-1.890129e+02
4.930000e+00	3.857488e-02	-1.889200e+02
4.937404e+00	-1.217686e+00	-1.890674e+02
4.940000e+00	5.749537e-01	-1.883245e+02
4.950000e+00	-6.991517e-01	-1.887942e+02
4.955722e+00	1.108866e+00	-1.881283e+02
4.960000e+00	1.166161e+00	-1.884022e+02
4.970000e+00	1.170791e+00	-1.880264e+02
4.977736e+00	1.275068e+00	-1.881977e+02
4.980000e+00	-1.554499e-01	-1.888376e+02
4.990000e+00	4.823147e-01	-1.881477e+02
4.994141e+00	-1.525636e+00	-1.889955e+02
4.998007e+00	-6.774536e-01	-1.888565e+02
5.000000e+00	-1.847734e-01	-1.886638e+02


