"LEM_ADAMSS"

"Time      "	".JOINT_38.Element_Force.X"	".JOINT_38.Element_Force.Y"
0.000000e+00	-1.103857e+01	1.164056e+01
1.000000e-02	-1.532137e+01	6.383580e+01
2.000000e-02	-1.686048e+01	8.397216e+01
3.000000e-02	-1.708850e+01	9.211349e+01
3.788320e-02	1.416307e+02	3.543385e+01
4.000000e-02	1.274403e+02	3.867811e+02
4.452990e-02	-5.637628e+00	5.151958e+02
5.000000e-02	9.708632e+00	5.090411e+02
6.000000e-02	8.026637e+00	5.124701e+02
7.000000e-02	8.196387e+00	5.081994e+02
7.786466e-02	2.851456e+00	5.023972e+02
8.000000e-02	-2.229881e-01	5.028958e+02
9.000000e-02	-1.941170e-01	4.924244e+02
1.000000e-01	2.547650e+00	4.849042e+02
1.063778e-01	-8.660807e+00	4.816632e+02
1.100000e-01	-2.144952e+00	4.758345e+02
1.200000e-01	-2.917283e+00	4.658872e+02
1.300000e-01	1.098213e+01	4.528063e+02
1.387311e-01	-1.533884e+01	4.559807e+02
1.400000e-01	-3.693545e+00	4.471626e+02
1.500000e-01	-1.434967e+01	4.406313e+02
1.600000e-01	-8.472367e+00	4.347169e+02
1.700000e-01	7.864711e+00	4.281727e+02
1.800000e-01	-3.398879e+01	4.309869e+02
1.879236e-01	-3.964531e+01	4.431957e+02
1.900000e-01	5.208667e+00	4.249872e+02
2.000000e-01	-4.969153e+00	4.208694e+02
2.100000e-01	-1.637974e+00	4.184398e+02
2.157415e-01	-1.128515e+01	4.214070e+02
2.200000e-01	-3.106566e+00	4.187335e+02
2.300000e-01	-1.348314e+01	4.183558e+02
2.400000e-01	-1.851869e+01	4.228578e+02
2.500000e-01	5.627131e-01	4.206326e+02
2.600000e-01	-1.570021e+03	6.177800e+02
2.700000e-01	1.233521e-01	4.218676e+02
2.752347e-01	-7.651135e+00	4.326372e+02
2.800000e-01	-9.655887e+00	4.301091e+02
2.900000e-01	-9.368593e+00	4.278090e+02
3.000000e-01	-1.795359e+01	4.347667e+02
3.100000e-01	-7.496258e+00	4.267301e+02
3.200000e-01	-6.896213e-01	4.260406e+02
3.300000e-01	-2.073464e+00	4.286846e+02
3.400000e-01	2.046448e+00	4.262500e+02
3.500000e-01	-4.464031e+02	4.902204e+02
3.562116e-01	-6.762488e+02	5.183785e+02
3.600000e-01	-2.579956e+02	4.670262e+02
3.700000e-01	-8.293499e+01	4.614602e+02
3.800000e-01	-7.520356e-02	4.312968e+02
3.900000e-01	-2.221278e+01	4.450932e+02
4.000000e-01	-1.903543e+02	4.671009e+02
4.067680e-01	-1.735247e+02	4.641313e+02
4.100000e-01	-1.427151e+02	4.579190e+02
4.179701e-01	-1.048520e+02	4.533422e+02
4.200000e-01	-9.867238e+01	4.571737e+02
4.300000e-01	-1.112594e+02	4.579295e+02
4.355616e-01	-1.245425e+02	4.636966e+02
4.400000e-01	-1.341857e+02	4.606669e+02
4.500000e-01	-1.312839e+02	4.634183e+02
4.600000e-01	-1.284754e+02	4.645703e+02
4.700000e-01	-1.341570e+02	4.664952e+02
4.800000e-01	-1.453699e+02	4.736061e+02
4.900000e-01	-1.442809e+02	4.703373e+02
4.976231e-01	-1.397308e+02	4.726147e+02
5.000000e-01	-1.430705e+02	4.707630e+02
5.100000e-01	-1.512945e+02	4.789025e+02
5.184941e-01	-1.410642e+02	4.756986e+02
5.200000e-01	-1.545324e+02	4.756989e+02
5.300000e-01	-1.537116e+02	4.757969e+02
5.400000e-01	-1.503292e+02	4.794791e+02
5.500000e-01	-1.591152e+02	4.848934e+02
5.600000e-01	-1.614660e+02	4.841912e+02
5.675567e-01	-1.611189e+02	4.864286e+02
5.700000e-01	-1.652366e+02	4.841527e+02
5.800000e-01	-1.597680e+02	4.886867e+02
5.900000e-01	-1.582202e+02	4.941549e+02
5.927111e-01	-1.605221e+02	4.895544e+02
5.990039e-01	-1.640773e+02	4.901164e+02
6.000000e-01	-1.712108e+02	4.937680e+02
6.089963e-01	-1.719084e+02	4.967940e+02
6.100000e-01	-1.679245e+02	4.940016e+02
6.200000e-01	-1.776642e+02	4.973672e+02
6.300000e-01	-1.786396e+02	4.993975e+02
6.400000e-01	-1.760020e+02	5.027720e+02
6.428714e-01	-1.742379e+02	4.976252e+02
6.485768e-01	-1.788931e+02	5.003943e+02
6.500000e-01	-1.848974e+02	5.020852e+02
6.577535e-01	-1.781859e+02	4.984178e+02
6.600000e-01	-1.852079e+02	5.026257e+02
6.700000e-01	-1.877489e+02	5.088711e+02
6.800000e-01	-1.855553e+02	5.094014e+02
6.887682e-01	-1.919906e+02	5.090403e+02
6.900000e-01	-1.961410e+02	5.099244e+02
7.000000e-01	-1.903265e+02	5.110742e+02
7.100000e-01	-1.984953e+02	5.151022e+02
7.200000e-01	-1.939555e+02	5.186003e+02
7.300000e-01	-2.061627e+02	5.172702e+02
7.377778e-01	-2.016385e+02	5.142909e+02
7.400000e-01	-2.082689e+02	5.182744e+02
7.500000e-01	-2.117425e+02	5.200632e+02
7.550431e-01	-2.011250e+02	5.195281e+02
7.600000e-01	-2.136035e+02	5.229642e+02
7.700000e-01	-2.171248e+02	5.260019e+02
7.800000e-01	-2.097247e+02	5.265491e+02
7.900000e-01	-2.176491e+02	5.308999e+02
8.000000e-01	-2.254537e+02	5.305125e+02
8.046002e-01	-2.189060e+02	5.290603e+02
8.100000e-01	-2.299606e+02	5.300587e+02
8.200000e-01	-2.261784e+02	5.348347e+02
8.300000e-01	-2.286541e+02	5.366439e+02
8.400000e-01	-2.199722e+02	5.400687e+02
8.430336e-01	-2.265902e+02	5.360948e+02
8.500000e-01	-2.348110e+02	5.423191e+02
8.548400e-01	-2.438176e+02	5.438053e+02
8.600000e-01	-2.394503e+02	5.424233e+02
8.700000e-01	-2.436211e+02	5.486170e+02
8.800000e-01	-2.503444e+02	5.458597e+02
8.877778e-01	-2.431223e+02	5.443804e+02
8.900000e-01	-2.485077e+02	5.473119e+02
9.000000e-01	-2.564705e+02	5.484928e+02
9.100000e-01	-2.660983e+02	5.589285e+02
9.152478e-01	-2.479611e+02	5.476171e+02
9.200000e-01	-2.661746e+02	5.496929e+02
9.300000e-01	-2.528069e+02	5.577473e+02
9.400000e-01	-2.630464e+02	5.552744e+02
9.475075e-01	-2.264876e+02	5.456011e+02
9.500000e-01	-2.683127e+02	5.632186e+02
9.549850e-01	-1.647772e+02	5.317871e+02
9.600000e-01	-3.231899e+02	5.455644e+02
9.700000e-01	-2.570964e+02	5.568600e+02
9.747732e-01	-4.821251e+02	5.962344e+02
9.800000e-01	-3.447825e+02	5.724917e+02
9.853185e-01	-2.445841e+02	5.574264e+02
9.900000e-01	-2.361782e+02	5.628161e+02
9.986533e-01	-2.854862e+02	5.699794e+02
1.000000e+00	-2.921285e+02	5.694676e+02
1.004730e+00	-2.908200e+02	5.696069e+02
1.010000e+00	-2.835357e+02	5.715631e+02
1.020000e+00	-2.867949e+02	5.742399e+02
1.030000e+00	-2.848780e+02	5.745053e+02
1.040000e+00	-2.920774e+02	5.730293e+02
1.050000e+00	-2.891453e+02	5.779542e+02
1.060000e+00	-2.951021e+02	5.808261e+02
1.070000e+00	-2.948451e+02	5.816753e+02
1.080000e+00	-3.001428e+02	5.860522e+02
1.090000e+00	-3.007345e+02	5.808055e+02
1.099133e+00	-3.104689e+02	5.844443e+02
1.100000e+00	-3.111201e+02	5.901804e+02
1.110000e+00	-3.047806e+02	5.881605e+02
1.120000e+00	-3.102021e+02	5.934759e+02
1.130000e+00	-3.188408e+02	5.969660e+02
1.138579e+00	-3.126435e+02	5.941389e+02
1.140000e+00	-3.230361e+02	5.918035e+02
1.147565e+00	-3.167646e+02	5.955754e+02
1.150000e+00	-3.230637e+02	5.971533e+02
1.157742e+00	-3.245016e+02	6.018443e+02
1.160000e+00	-3.195840e+02	6.002670e+02
1.170000e+00	-3.235982e+02	6.038556e+02
1.177603e+00	-3.136358e+02	6.134517e+02
1.180000e+00	-3.443826e+02	5.976715e+02
1.188733e+00	-3.252327e+02	6.068940e+02
1.190000e+00	-3.242725e+02	6.074754e+02
1.200000e+00	-3.336540e+02	6.045650e+02
1.210000e+00	-3.380036e+02	6.117388e+02
1.217528e+00	-3.283498e+02	6.188399e+02
1.220000e+00	-3.547682e+02	6.069485e+02
1.228745e+00	-3.201546e+02	6.196480e+02
1.230000e+00	-3.265869e+02	6.100859e+02
1.239064e+00	-3.436032e+02	6.119102e+02
1.240000e+00	-3.444201e+02	6.154996e+02
1.250000e+00	-3.501981e+02	6.139459e+02
1.258947e+00	-3.486487e+02	6.190662e+02
1.260000e+00	-3.482403e+02	6.186639e+02
1.270000e+00	-3.581572e+02	6.228599e+02
1.280000e+00	-3.579074e+02	6.229991e+02
1.286700e+00	-3.623157e+02	6.259419e+02
1.290000e+00	-3.570038e+02	6.241873e+02
1.300000e+00	-3.606612e+02	6.327666e+02
1.310000e+00	-3.749808e+02	6.292038e+02
1.320000e+00	-3.597168e+02	6.274434e+02
1.329148e+00	-3.638910e+02	6.358792e+02
1.330000e+00	-3.669648e+02	6.313451e+02
1.340000e+00	-3.716508e+02	6.322538e+02
1.350000e+00	-3.817435e+02	6.376751e+02
1.354251e+00	-3.679731e+02	6.410558e+02
1.360000e+00	-3.744699e+02	6.404941e+02
1.370000e+00	-3.730402e+02	6.367157e+02
1.380000e+00	-3.839973e+02	6.473898e+02
1.389117e+00	-3.824327e+02	6.444980e+02
1.390000e+00	-3.825008e+02	6.433311e+02
1.400000e+00	-3.913103e+02	6.471039e+02
1.407039e+00	-3.992155e+02	6.440065e+02
1.410000e+00	-3.918616e+02	6.481247e+02
1.420000e+00	-3.857192e+02	6.491501e+02
1.426007e+00	-3.525691e+02	6.480538e+02
1.430000e+00	-3.713683e+02	6.503873e+02
1.439248e+00	-4.045707e+02	6.600315e+02
1.440000e+00	-4.036075e+02	6.552629e+02
1.447945e+00	-4.117733e+02	6.532282e+02
1.450000e+00	-4.069042e+02	6.551618e+02
1.459220e+00	-4.134998e+02	6.520372e+02
1.460000e+00	-4.145006e+02	6.583000e+02
1.467209e+00	-4.056941e+02	6.574475e+02
1.470000e+00	-4.116385e+02	6.599029e+02
1.478862e+00	-4.059299e+02	6.566041e+02
1.480000e+00	-4.157685e+02	6.615305e+02
1.490000e+00	-3.928551e+02	6.644818e+02
1.492596e+00	-4.398258e+02	6.634496e+02
1.496415e+00	-4.232220e+02	6.640684e+02
1.500000e+00	-4.030079e+02	6.595466e+02
1.508848e+00	-4.160362e+02	6.662749e+02
1.510000e+00	-4.206835e+02	6.662295e+02
1.520000e+00	-4.183779e+02	6.726419e+02
1.527629e+00	-4.194626e+02	6.679786e+02
1.530000e+00	-4.319473e+02	6.698257e+02
1.540000e+00	-4.274114e+02	6.757748e+02
1.548807e+00	-4.306888e+02	6.744118e+02
1.550000e+00	-4.323715e+02	6.743702e+02
1.560000e+00	-4.345111e+02	6.745399e+02
1.569137e+00	-4.218407e+02	6.799489e+02
1.570000e+00	-4.265687e+02	6.769803e+02
1.577819e+00	-4.422459e+02	6.754558e+02
1.580000e+00	-4.433607e+02	6.805711e+02
1.588994e+00	-4.393567e+02	6.869099e+02
1.590000e+00	-4.337944e+02	6.844664e+02
1.595725e+00	-4.378246e+02	6.813326e+02
1.600000e+00	-4.483051e+02	6.815609e+02
1.610000e+00	-4.502631e+02	6.879579e+02
1.620000e+00	-4.518851e+02	6.869586e+02
1.630000e+00	-4.416759e+02	6.887397e+02
1.634246e+00	-4.485637e+02	6.895105e+02
1.639227e+00	-4.661017e+02	6.895783e+02
1.640000e+00	-4.642954e+02	6.936401e+02
1.647673e+00	-4.515580e+02	6.966289e+02
1.650000e+00	-4.480364e+02	6.941580e+02
1.660000e+00	-4.746413e+02	6.944749e+02
1.670000e+00	-4.601299e+02	6.936772e+02
1.680000e+00	-4.676527e+02	7.001343e+02
1.687840e+00	-4.666047e+02	7.069617e+02
1.690000e+00	-4.695246e+02	7.010226e+02
1.697234e+00	-4.760652e+02	6.969641e+02
1.700000e+00	-4.781364e+02	7.029575e+02
1.710000e+00	-4.819450e+02	6.998296e+02
1.714859e+00	-4.504570e+02	7.100032e+02
1.720000e+00	-4.745950e+02	7.055812e+02
1.728890e+00	-4.798582e+02	7.060781e+02
1.730000e+00	-4.835276e+02	7.105199e+02
1.738009e+00	-4.615455e+02	7.134079e+02
1.740000e+00	-4.773854e+02	7.104401e+02
1.750000e+00	-4.820960e+02	7.170789e+02
1.760000e+00	-5.002132e+02	7.165159e+02
1.768858e+00	-4.804183e+02	7.176288e+02
1.770000e+00	-4.762635e+02	7.175844e+02
1.775001e+00	-4.860195e+02	7.169072e+02
1.780000e+00	-4.969056e+02	7.206347e+02
1.783865e+00	-4.851899e+02	7.249424e+02
1.790000e+00	-4.939527e+02	7.159849e+02
1.800000e+00	-5.027949e+02	7.211384e+02
1.808723e+00	-4.955239e+02	7.215868e+02
1.810000e+00	-5.088423e+02	7.247676e+02
1.820000e+00	-4.966161e+02	7.249438e+02
1.824038e+00	-4.958652e+02	7.242571e+02
1.830000e+00	-5.073374e+02	7.274802e+02
1.837781e+00	-5.028965e+02	7.356675e+02
1.840000e+00	-5.145059e+02	7.298434e+02
1.845604e+00	-5.122929e+02	7.273012e+02
1.850000e+00	-5.104356e+02	7.325721e+02
1.860000e+00	-5.164375e+02	7.271136e+02
1.870000e+00	-5.236535e+02	7.314855e+02
1.880000e+00	-4.987427e+02	7.406357e+02
1.885973e+00	-4.974962e+02	7.422282e+02
1.890000e+00	-5.048709e+02	7.329840e+02
1.900000e+00	-5.801715e+02	7.333413e+02
1.910000e+00	-4.665798e+02	7.489855e+02
1.920000e+00	-5.028635e+02	7.442049e+02
1.923489e+00	-5.101100e+02	7.514837e+02
1.930000e+00	-5.408729e+02	7.444285e+02
1.940000e+00	-5.275025e+02	7.449146e+02
1.950000e+00	-5.464667e+02	7.478093e+02
1.957152e+00	-5.371493e+02	7.511366e+02
1.960000e+00	-5.494869e+02	7.554375e+02
1.970000e+00	-5.361700e+02	7.562858e+02
1.973520e+00	-5.640203e+02	7.573949e+02
1.980000e+00	-5.284072e+02	7.551548e+02
1.990000e+00	-5.501482e+02	7.619063e+02
2.000000e+00	-5.540286e+02	7.639521e+02
2.010000e+00	-5.530511e+02	7.627850e+02
2.020000e+00	-5.587352e+02	7.633918e+02
2.027359e+00	-5.562925e+02	7.649853e+02
2.030000e+00	-5.639799e+02	7.683017e+02
2.040000e+00	-5.732812e+02	7.633966e+02
2.044086e+00	-5.460527e+02	7.730250e+02
2.050000e+00	-5.648235e+02	7.663560e+02
2.060000e+00	-5.708995e+02	7.709373e+02
2.068733e+00	-5.672914e+02	7.716759e+02
2.070000e+00	-5.779492e+02	7.743515e+02
2.074528e+00	-5.782828e+02	7.729288e+02
2.080000e+00	-5.478094e+02	7.853435e+02
2.088988e+00	-5.902904e+02	7.744125e+02
2.090000e+00	-5.892019e+02	7.779235e+02
2.097476e+00	-5.808118e+02	7.871603e+02
2.100000e+00	-5.700138e+02	7.794358e+02
2.110000e+00	-5.815388e+02	7.820480e+02
2.120000e+00	-5.722766e+02	7.866695e+02
2.127336e+00	-5.959213e+02	7.838367e+02
2.130000e+00	-5.881086e+02	7.865512e+02
2.140000e+00	-5.803738e+02	7.894676e+02
2.150000e+00	-5.774609e+02	7.881015e+02
2.156508e+00	-5.973987e+02	7.935094e+02
2.160000e+00	-5.948417e+02	7.929307e+02
2.170000e+00	-5.959614e+02	7.886216e+02
2.180000e+00	-5.990488e+02	7.946034e+02
2.188801e+00	-5.992476e+02	7.951992e+02
2.190000e+00	-6.076938e+02	7.970519e+02
2.200000e+00	-6.039233e+02	8.006166e+02
2.208965e+00	-6.081421e+02	8.060271e+02
2.210000e+00	-6.071529e+02	8.012291e+02
2.220000e+00	-6.156526e+02	8.062609e+02
2.225476e+00	-5.885133e+02	8.054961e+02
2.230000e+00	-6.142149e+02	8.044816e+02
2.235431e+00	-6.106167e+02	8.085995e+02
2.240000e+00	-6.151515e+02	8.128676e+02
2.250000e+00	-6.101908e+02	8.131967e+02
2.256730e+00	-6.528894e+02	8.087270e+02
2.260000e+00	-6.346142e+02	8.139826e+02
2.264058e+00	-6.093421e+02	8.120086e+02
2.270000e+00	-6.162993e+02	8.108164e+02
2.280000e+00	-6.247415e+02	8.150960e+02
2.290000e+00	-6.395703e+02	8.208915e+02
2.300000e+00	-6.318689e+02	8.186926e+02
2.306003e+00	-6.301323e+02	8.178017e+02
2.310000e+00	-6.354408e+02	8.178105e+02
2.320000e+00	-6.496043e+02	8.156808e+02
2.329047e+00	-6.488844e+02	8.230391e+02
2.330000e+00	-6.431795e+02	8.249369e+02
2.340000e+00	-6.675528e+02	8.205651e+02
2.350000e+00	-6.502618e+02	8.320166e+02
2.355271e+00	-6.320845e+02	8.339692e+02
2.360000e+00	-6.450459e+02	8.293474e+02
2.370000e+00	-6.524614e+02	8.317001e+02
2.380000e+00	-6.454418e+02	8.335589e+02
2.388907e+00	-6.551325e+02	8.401719e+02
2.390000e+00	-6.570164e+02	8.351484e+02
2.398021e+00	-6.739023e+02	8.355192e+02
2.400000e+00	-6.648222e+02	8.373876e+02
2.410000e+00	-6.805878e+02	8.444080e+02
2.419194e+00	-6.327390e+02	8.417352e+02
2.420000e+00	-6.512720e+02	8.378623e+02
2.426396e+00	-6.795183e+02	8.412555e+02
2.430000e+00	-6.703045e+02	8.425052e+02
2.435798e+00	-6.605883e+02	8.454406e+02
2.440000e+00	-6.734008e+02	8.494623e+02
2.450000e+00	-6.647997e+02	8.451927e+02
2.460000e+00	-6.713524e+02	8.499504e+02
2.467965e+00	-6.916367e+02	8.503103e+02
2.470000e+00	-6.841205e+02	8.513309e+02
2.479052e+00	-6.988135e+02	8.509423e+02
2.480000e+00	-6.880802e+02	8.554087e+02
2.490000e+00	-6.762305e+02	8.553285e+02
2.494858e+00	-6.628337e+02	8.561275e+02
2.500000e+00	-6.661800e+02	8.542119e+02
2.510000e+00	-6.862297e+02	8.584678e+02
2.520000e+00	-6.929859e+02	8.610013e+02
2.525765e+00	-6.613495e+02	8.628041e+02
2.530000e+00	-6.919233e+02	8.645994e+02
2.534269e+00	-6.930364e+02	8.655408e+02
2.540000e+00	-6.765572e+02	8.600955e+02
2.550000e+00	-7.061799e+02	8.684988e+02
2.560000e+00	-7.093490e+02	8.651563e+02
2.567389e+00	-7.064784e+02	8.677994e+02
2.570000e+00	-7.184499e+02	8.715276e+02
2.580000e+00	-7.153493e+02	8.712353e+02
2.587707e+00	-7.111465e+02	8.712560e+02
2.590000e+00	-7.129623e+02	8.753408e+02
2.598137e+00	-7.011220e+02	8.765825e+02
2.600000e+00	-7.020910e+02	8.776115e+02
2.610000e+00	-7.180734e+02	8.802836e+02
2.612717e+00	-7.298912e+02	8.775348e+02
2.619163e+00	-6.934359e+02	8.802198e+02
2.620000e+00	-7.067114e+02	8.778382e+02
2.630000e+00	-7.114094e+02	8.844291e+02
2.638962e+00	-7.166718e+02	8.825149e+02
2.640000e+00	-7.179651e+02	8.827267e+02
2.649034e+00	-7.191904e+02	8.858086e+02
2.650000e+00	-7.234470e+02	8.853846e+02
2.660000e+00	-7.240209e+02	8.883024e+02
2.667124e+00	-7.312195e+02	8.882409e+02
2.670000e+00	-7.435346e+02	8.922147e+02
2.679199e+00	-7.048314e+02	8.920222e+02
2.680000e+00	-7.191627e+02	8.892400e+02
2.690000e+00	-7.118929e+02	8.933775e+02
2.694275e+00	-7.397556e+02	8.963797e+02
2.700000e+00	-7.148781e+02	8.913367e+02
2.709193e+00	-7.643145e+02	8.959612e+02
2.710000e+00	-7.524388e+02	8.984845e+02
2.718940e+00	-7.140880e+02	8.973158e+02
2.720000e+00	-7.344980e+02	8.974066e+02
2.730000e+00	-7.331230e+02	9.035512e+02
2.735029e+00	-7.634781e+02	9.020166e+02
2.740000e+00	-7.268329e+02	9.016001e+02
2.750000e+00	-7.610244e+02	9.099860e+02
2.759162e+00	-7.267217e+02	9.069474e+02
2.760000e+00	-7.423225e+02	9.044995e+02
2.770000e+00	-7.340282e+02	9.058455e+02
2.778323e+00	-7.648780e+02	9.108937e+02
2.780000e+00	-7.586289e+02	9.077677e+02
2.790000e+00	-7.822734e+02	9.178392e+02
2.792680e+00	-7.779559e+02	9.100823e+02
2.800000e+00	-7.453919e+02	9.142288e+02
2.810000e+00	-7.892945e+02	9.204820e+02
2.820000e+00	-8.298210e+02	9.089461e+02
2.825053e+00	-7.223815e+02	9.154947e+02
2.830000e+00	-7.646989e+02	9.167377e+02
2.835846e+00	-7.973512e+02	9.189178e+02
2.840000e+00	-7.842627e+02	9.205591e+02
2.847302e+00	-7.880791e+02	9.233749e+02
2.850000e+00	-7.913844e+02	9.255899e+02
2.858723e+00	-7.966487e+02	9.220430e+02
2.860000e+00	-7.898880e+02	9.261943e+02
2.870000e+00	-7.699147e+02	9.246840e+02
2.874275e+00	-7.981747e+02	9.275987e+02
2.880000e+00	-7.911267e+02	9.264646e+02
2.886658e+00	-8.085955e+02	9.301697e+02
2.890000e+00	-7.894224e+02	9.310324e+02
2.898277e+00	-8.022326e+02	9.333465e+02
2.900000e+00	-8.081843e+02	9.300744e+02
2.910000e+00	-7.902990e+02	9.326202e+02
2.920000e+00	-7.916806e+02	9.381151e+02
2.930000e+00	-8.164714e+02	9.429650e+02
2.940000e+00	-7.758817e+02	9.360163e+02
2.950000e+00	-8.276701e+02	9.489375e+02
2.959011e+00	-8.104714e+02	9.458587e+02
2.960000e+00	-8.091450e+02	9.456118e+02
2.970000e+00	-8.237670e+02	9.461452e+02
2.977696e+00	-7.976130e+02	9.487564e+02
2.980000e+00	-8.016465e+02	9.483701e+02
2.990000e+00	-8.254851e+02	9.495209e+02
3.000000e+00	-8.336354e+02	9.545018e+02
3.010000e+00	-8.050351e+02	9.537527e+02
3.015821e+00	-7.872868e+02	9.567406e+02
3.020000e+00	-8.294805e+02	9.572830e+02
3.030000e+00	-8.506297e+02	9.558871e+02
3.034566e+00	-7.890692e+02	9.602000e+02
3.040000e+00	-8.299990e+02	9.624139e+02
3.050000e+00	-8.090992e+02	9.586303e+02
3.060000e+00	-8.377496e+02	9.622862e+02
3.069144e+00	-8.780230e+02	9.618837e+02
3.070000e+00	-8.583817e+02	9.674556e+02
3.079112e+00	-7.901722e+02	9.670420e+02
3.080000e+00	-8.207912e+02	9.644601e+02
3.090000e+00	-8.362422e+02	9.712680e+02
3.098912e+00	-8.378133e+02	9.738523e+02
3.100000e+00	-8.396400e+02	9.733622e+02
3.108973e+00	-8.564295e+02	9.732337e+02
3.110000e+00	-8.494397e+02	9.734657e+02
3.120000e+00	-8.458851e+02	9.742051e+02
3.130000e+00	-8.428775e+02	9.806744e+02
3.140000e+00	-8.401025e+02	9.782144e+02
3.150000e+00	-8.184287e+02	9.772131e+02
3.153109e+00	-8.302705e+02	9.876544e+02
3.160000e+00	-8.836710e+02	9.779725e+02
3.163421e+00	-7.713390e+02	9.811564e+02
3.170000e+00	-8.450716e+02	9.778680e+02
3.180000e+00	-9.175548e+02	9.956191e+02
3.190000e+00	-8.640387e+02	9.852831e+02
3.200000e+00	-8.749864e+02	9.906107e+02
3.210000e+00	-8.724838e+02	9.952357e+02
3.215936e+00	-8.401530e+02	9.944019e+02
3.220000e+00	-8.715231e+02	9.952776e+02
3.230000e+00	-8.694532e+02	9.957292e+02
3.240000e+00	-8.940874e+02	9.971889e+02
3.250000e+00	-9.066459e+02	1.002886e+03
3.258745e+00	-8.629979e+02	1.002982e+03
3.260000e+00	-8.810754e+02	1.000514e+03
3.270000e+00	-8.722466e+02	9.985876e+02
3.280000e+00	-8.939574e+02	1.002528e+03
3.290000e+00	-8.867053e+02	1.009635e+03
3.300000e+00	-9.172626e+02	1.014487e+03
3.310000e+00	-8.908653e+02	1.014397e+03
3.320000e+00	-9.089116e+02	1.012152e+03
3.330000e+00	-9.262764e+02	1.018280e+03
3.338885e+00	-9.257609e+02	1.016381e+03
3.340000e+00	-9.144120e+02	1.016175e+03
3.350000e+00	-9.362139e+02	1.022025e+03
3.358714e+00	-9.274570e+02	1.020565e+03
3.360000e+00	-9.143545e+02	1.019359e+03
3.370000e+00	-8.980188e+02	1.019659e+03
3.380000e+00	-9.369871e+02	1.021451e+03
3.390000e+00	-8.905473e+02	1.021480e+03
3.400000e+00	-9.406951e+02	1.029671e+03
3.405063e+00	-8.798442e+02	1.028065e+03
3.410000e+00	-9.194413e+02	1.029810e+03
3.420000e+00	-9.245582e+02	1.031186e+03
3.429032e+00	-8.862289e+02	1.035088e+03
3.430000e+00	-9.200417e+02	1.031243e+03
3.433646e+00	-9.415717e+02	1.034851e+03
3.440000e+00	-9.246247e+02	1.035550e+03
3.450000e+00	-9.321805e+02	1.038253e+03
3.460000e+00	-9.544869e+02	1.036696e+03
3.470000e+00	-9.261961e+02	1.040769e+03
3.480000e+00	-9.483377e+02	1.044230e+03
3.490000e+00	-9.576959e+02	1.042666e+03
3.498229e+00	-9.701674e+02	1.047712e+03
3.500000e+00	-9.702011e+02	1.044431e+03
3.510000e+00	-9.218688e+02	1.043786e+03
3.514254e+00	-9.577699e+02	1.048759e+03
3.520000e+00	-9.248504e+02	1.043128e+03
3.530000e+00	-9.767656e+02	1.055386e+03
3.540000e+00	-9.467262e+02	1.051551e+03
3.550000e+00	-9.576642e+02	1.057274e+03
3.560000e+00	-9.214678e+02	1.051545e+03
3.570000e+00	-1.019024e+03	1.063982e+03
3.578657e+00	-1.003037e+03	1.061287e+03
3.580000e+00	-9.787369e+02	1.063536e+03
3.590000e+00	-9.617693e+02	1.062698e+03
3.596564e+00	-9.672337e+02	1.067007e+03
3.600000e+00	-9.682151e+02	1.066403e+03
3.610000e+00	-1.013237e+03	1.076405e+03
3.612515e+00	-9.882177e+02	1.067663e+03
3.620000e+00	-9.634341e+02	1.069164e+03
3.630000e+00	-1.017686e+03	1.070416e+03
3.640000e+00	-1.010103e+03	1.077539e+03
3.644502e+00	-9.577459e+02	1.075854e+03
3.650000e+00	-9.812082e+02	1.074510e+03
3.660000e+00	-9.724511e+02	1.075469e+03
3.670000e+00	-9.984606e+02	1.077372e+03
3.680000e+00	-9.957841e+02	1.081447e+03
3.690000e+00	-9.488069e+02	1.079521e+03
3.700000e+00	-9.594429e+02	1.078782e+03
3.710000e+00	-9.777530e+02	1.080294e+03
3.720000e+00	-1.073821e+03	1.091642e+03
3.730000e+00	-1.047152e+03	1.098888e+03
3.738545e+00	-1.026364e+03	1.091579e+03
3.740000e+00	-1.010975e+03	1.091400e+03
3.750000e+00	-9.819996e+02	1.095947e+03
3.759079e+00	-1.073258e+03	1.096197e+03
3.760000e+00	-1.042184e+03	1.098001e+03
3.768487e+00	-9.838778e+02	1.095774e+03
3.770000e+00	-1.032419e+03	1.103064e+03
3.780000e+00	-1.094854e+03	1.098153e+03
3.785159e+00	-9.539579e+02	1.101850e+03
3.790000e+00	-9.763225e+02	1.102953e+03
3.800000e+00	-9.901238e+02	1.104878e+03
3.810000e+00	-1.147621e+03	1.101877e+03
3.820000e+00	-1.011168e+03	1.110232e+03
3.828967e+00	-1.052554e+03	1.109778e+03
3.830000e+00	-1.038960e+03	1.109861e+03
3.840000e+00	-9.898368e+02	1.103653e+03
3.842519e+00	-1.015239e+03	1.111709e+03
3.850000e+00	-1.059825e+03	1.114961e+03
3.860000e+00	-1.023609e+03	1.114753e+03
3.870000e+00	-1.047010e+03	1.117251e+03
3.878741e+00	-1.057445e+03	1.117677e+03
3.880000e+00	-1.044906e+03	1.116470e+03
3.888997e+00	-1.021121e+03	1.120594e+03
3.890000e+00	-1.046748e+03	1.118926e+03
3.900000e+00	-1.058090e+03	1.124189e+03
3.910000e+00	-1.083045e+03	1.131741e+03
3.920000e+00	-9.803135e+02	1.128659e+03
3.930000e+00	-1.024638e+03	1.123398e+03
3.934516e+00	-1.060930e+03	1.127480e+03
3.940000e+00	-1.034558e+03	1.122877e+03
3.950000e+00	-1.080554e+03	1.132947e+03
3.957921e+00	-1.051388e+03	1.133615e+03
3.960000e+00	-1.053861e+03	1.134682e+03
3.970000e+00	-1.079612e+03	1.138923e+03
3.977246e+00	-1.054475e+03	1.140576e+03
3.980000e+00	-1.074211e+03	1.137098e+03
3.987778e+00	-1.149135e+03	1.140530e+03
3.990000e+00	-1.086217e+03	1.139793e+03
3.998642e+00	-1.090839e+03	1.140920e+03
4.000000e+00	-1.064179e+03	1.137440e+03
4.010000e+00	-1.086331e+03	1.143867e+03
4.020000e+00	-1.099386e+03	1.147048e+03
4.026707e+00	-1.102780e+03	1.146606e+03
4.030000e+00	-1.118978e+03	1.151230e+03
4.034231e+00	-1.086858e+03	1.149368e+03
4.040000e+00	-1.119522e+03	1.156204e+03
4.050000e+00	-1.049134e+03	1.147184e+03
4.060000e+00	-1.078292e+03	1.149760e+03
4.070000e+00	-1.117343e+03	1.156637e+03
4.080000e+00	-1.094911e+03	1.155904e+03
4.090000e+00	-1.094807e+03	1.158993e+03
4.100000e+00	-1.108214e+03	1.162595e+03
4.102865e+00	-1.169998e+03	1.162543e+03
4.110000e+00	-1.084111e+03	1.159546e+03
4.120000e+00	-1.117996e+03	1.163959e+03
4.127778e+00	-1.051079e+03	1.164166e+03
4.130000e+00	-1.100729e+03	1.164129e+03
4.137513e+00	-1.105366e+03	1.167915e+03
4.140000e+00	-1.113800e+03	1.166990e+03
4.150000e+00	-1.136320e+03	1.169961e+03
4.160000e+00	-1.124840e+03	1.173860e+03
4.170000e+00	-1.112261e+03	1.170124e+03
4.177692e+00	-1.100774e+03	1.177472e+03
4.180000e+00	-1.140971e+03	1.173466e+03
4.190000e+00	-1.131764e+03	1.174268e+03
4.200000e+00	-1.135162e+03	1.179303e+03
4.209143e+00	-1.167885e+03	1.179154e+03
4.210000e+00	-1.153976e+03	1.182665e+03
4.220000e+00	-1.120707e+03	1.184382e+03
4.226347e+00	-1.076578e+03	1.176955e+03
4.230000e+00	-1.123357e+03	1.187006e+03
4.234068e+00	-1.081890e+03	1.192883e+03
4.240000e+00	-1.185327e+03	1.190705e+03
4.243763e+00	-1.129937e+03	1.188505e+03
4.250000e+00	-1.152881e+03	1.192220e+03
4.254065e+00	-1.069386e+03	1.197645e+03
4.260000e+00	-1.193318e+03	1.196203e+03
4.265989e+00	-1.125468e+03	1.196757e+03
4.270000e+00	-1.180628e+03	1.192905e+03
4.277168e+00	-1.160994e+03	1.197704e+03
4.280000e+00	-1.131087e+03	1.193372e+03
4.287144e+00	-1.161005e+03	1.197219e+03
4.290000e+00	-1.155094e+03	1.196458e+03
4.297141e+00	-1.161035e+03	1.198524e+03
4.300000e+00	-1.159748e+03	1.198389e+03
4.308971e+00	-1.159941e+03	1.199145e+03
4.310000e+00	-1.163678e+03	1.200755e+03
4.320000e+00	-1.179105e+03	1.208120e+03
4.329005e+00	-1.167219e+03	1.202421e+03
4.330000e+00	-1.166428e+03	1.200910e+03
4.340000e+00	-1.104490e+03	1.207497e+03
4.346958e+00	-1.134149e+03	1.212954e+03
4.350000e+00	-1.183659e+03	1.204995e+03
4.360000e+00	-1.162683e+03	1.207992e+03
4.364288e+00	-1.212545e+03	1.208781e+03
4.370000e+00	-1.151351e+03	1.206567e+03
4.373325e+00	-1.177265e+03	1.210993e+03
4.380000e+00	-1.195010e+03	1.214580e+03
4.387852e+00	-1.148821e+03	1.217862e+03
4.390000e+00	-1.191261e+03	1.213526e+03
4.400000e+00	-1.167922e+03	1.214674e+03
4.407062e+00	-1.161961e+03	1.224898e+03
4.410000e+00	-1.204780e+03	1.216985e+03
4.420000e+00	-1.178453e+03	1.219443e+03
4.423635e+00	-1.194510e+03	1.219007e+03
4.428378e+00	-1.222448e+03	1.220373e+03
4.430000e+00	-1.203380e+03	1.222390e+03
4.438380e+00	-1.244106e+03	1.220539e+03
4.440000e+00	-1.208840e+03	1.225942e+03
4.450000e+00	-1.263066e+03	1.229174e+03
4.454338e+00	-1.280385e+03	1.231249e+03
4.460000e+00	-1.177020e+03	1.223527e+03
4.470000e+00	-1.197825e+03	1.232816e+03
4.476907e+00	-1.191653e+03	1.237158e+03
4.480000e+00	-1.200252e+03	1.234492e+03
4.485113e+00	-1.235132e+03	1.232525e+03
4.490000e+00	-1.207045e+03	1.233170e+03
4.500000e+00	-1.181382e+03	1.230538e+03
4.510000e+00	-1.222653e+03	1.239986e+03
4.519421e+00	-1.236726e+03	1.231081e+03
4.520000e+00	-1.236626e+03	1.236396e+03
4.530000e+00	-1.239642e+03	1.244134e+03
4.539054e+00	-1.223650e+03	1.242780e+03
4.540000e+00	-1.216918e+03	1.242178e+03
4.550000e+00	-1.218575e+03	1.242223e+03
4.559330e+00	-1.180758e+03	1.251842e+03
4.560000e+00	-1.200561e+03	1.246076e+03
4.565875e+00	-1.273554e+03	1.245660e+03
4.568763e+00	-1.242154e+03	1.248412e+03
4.570000e+00	-1.232679e+03	1.250678e+03
4.575360e+00	-1.248918e+03	1.250358e+03
4.580000e+00	-1.246931e+03	1.248246e+03
4.585777e+00	-1.223493e+03	1.251707e+03
4.590000e+00	-1.208053e+03	1.250551e+03
4.593963e+00	-1.268095e+03	1.251379e+03
4.600000e+00	-1.212690e+03	1.250242e+03
4.607716e+00	-1.244174e+03	1.254153e+03
4.610000e+00	-1.264067e+03	1.256766e+03
4.617528e+00	-1.260242e+03	1.254436e+03
4.620000e+00	-1.256333e+03	1.260412e+03
4.628337e+00	-1.284649e+03	1.257879e+03
4.630000e+00	-1.251784e+03	1.261359e+03
4.640000e+00	-1.240112e+03	1.265541e+03
4.644852e+00	-1.234341e+03	1.267062e+03
4.648958e+00	-1.240422e+03	1.265848e+03
4.650000e+00	-1.245883e+03	1.264055e+03
4.654767e+00	-1.212281e+03	1.268608e+03
4.660000e+00	-1.290637e+03	1.266057e+03
4.663267e+00	-1.227623e+03	1.268589e+03
4.668830e+00	-1.263833e+03	1.268616e+03
4.670000e+00	-1.272741e+03	1.263502e+03
4.680000e+00	-1.264472e+03	1.272233e+03
4.684831e+00	-1.275397e+03	1.269719e+03
4.690000e+00	-1.251439e+03	1.270150e+03
4.695956e+00	-1.279508e+03	1.272073e+03
4.700000e+00	-1.258817e+03	1.270408e+03
4.710000e+00	-1.272742e+03	1.278984e+03
4.714548e+00	-1.275473e+03	1.276783e+03
4.720000e+00	-1.260106e+03	1.277342e+03
4.730000e+00	-1.289999e+03	1.282587e+03
4.732843e+00	-1.280126e+03	1.283210e+03
4.740000e+00	-1.264153e+03	1.279836e+03
4.750000e+00	-1.266276e+03	1.281185e+03
4.755819e+00	-1.308275e+03	1.281815e+03
4.760000e+00	-1.288506e+03	1.287550e+03
4.770000e+00	-1.289673e+03	1.285946e+03
4.780000e+00	-1.263791e+03	1.286367e+03
4.786841e+00	-1.246150e+03	1.294936e+03
4.790000e+00	-1.304692e+03	1.289571e+03
4.800000e+00	-1.255901e+03	1.290057e+03
4.808573e+00	-1.246364e+03	1.295899e+03
4.810000e+00	-1.287319e+03	1.292054e+03
4.820000e+00	-1.280031e+03	1.295051e+03
4.828948e+00	-1.297868e+03	1.300105e+03
4.830000e+00	-1.297465e+03	1.299173e+03
4.834793e+00	-1.258457e+03	1.302832e+03
4.840000e+00	-1.335775e+03	1.301476e+03
4.844208e+00	-1.302153e+03	1.301185e+03
4.848822e+00	-1.359864e+03	1.299312e+03
4.850000e+00	-1.319342e+03	1.306585e+03
4.854492e+00	-1.248774e+03	1.304647e+03
4.860000e+00	-1.323204e+03	1.308104e+03
4.870000e+00	-1.296547e+03	1.303963e+03
4.880000e+00	-1.304007e+03	1.306506e+03
4.890000e+00	-1.301137e+03	1.308787e+03
4.899245e+00	-1.270753e+03	1.312252e+03
4.900000e+00	-1.301309e+03	1.309275e+03
4.910000e+00	-1.325059e+03	1.316945e+03
4.914597e+00	-1.329802e+03	1.315215e+03
4.920000e+00	-1.307518e+03	1.314274e+03
4.930000e+00	-1.348190e+03	1.322944e+03
4.940000e+00	-1.286242e+03	1.315749e+03
4.950000e+00	-1.298306e+03	1.312079e+03
4.957366e+00	-1.335566e+03	1.323217e+03
4.960000e+00	-1.341235e+03	1.322895e+03
4.970000e+00	-1.383017e+03	1.330728e+03
4.980000e+00	-1.320500e+03	1.322045e+03
4.985437e+00	-1.367042e+03	1.324625e+03
4.990000e+00	-1.357022e+03	1.323908e+03
4.995218e+00	-1.371733e+03	1.327323e+03
5.000000e+00	-1.361064e+03	1.336429e+03
5.010000e+00	-1.366088e+03	1.326201e+03
5.014129e+00	-1.311374e+03	1.333923e+03
5.018053e+00	-1.368677e+03	1.335546e+03
5.020000e+00	-1.394660e+03	1.335399e+03
5.026420e+00	-1.208673e+03	1.345958e+03
5.030000e+00	-1.418748e+03	1.331727e+03
5.039364e+00	-1.307979e+03	1.340643e+03
5.040000e+00	-1.331573e+03	1.336125e+03
5.045743e+00	-1.366473e+03	1.334657e+03
5.050000e+00	-1.371753e+03	1.343302e+03
5.060000e+00	-1.365794e+03	1.340367e+03
5.069332e+00	-1.313217e+03	1.345340e+03
5.070000e+00	-1.335011e+03	1.341538e+03
5.075876e+00	-1.401399e+03	1.343178e+03
5.080000e+00	-1.371455e+03	1.348550e+03
5.083721e+00	-1.251040e+03	1.348238e+03
5.090000e+00	-1.368193e+03	1.349912e+03
5.100000e+00	-1.381125e+03	1.350787e+03
5.110000e+00	-1.377188e+03	1.350716e+03
5.115437e+00	-1.405895e+03	1.350119e+03
5.120000e+00	-1.380944e+03	1.358254e+03
5.130000e+00	-1.395745e+03	1.349234e+03
5.133777e+00	-1.351012e+03	1.357645e+03
5.137747e+00	-1.400329e+03	1.355187e+03
5.140000e+00	-1.420853e+03	1.361454e+03
5.143148e+00	-1.365107e+03	1.357775e+03
5.150000e+00	-1.396456e+03	1.353994e+03
5.158972e+00	-1.342788e+03	1.364849e+03
5.160000e+00	-1.379681e+03	1.359070e+03
5.170000e+00	-1.393221e+03	1.368247e+03
5.180000e+00	-1.410915e+03	1.358818e+03
5.190000e+00	-1.406510e+03	1.369557e+03
5.200000e+00	-1.336796e+03	1.366614e+03
5.208051e+00	-1.423856e+03	1.367140e+03
5.210000e+00	-1.418030e+03	1.371204e+03
5.216913e+00	-1.392534e+03	1.370618e+03
5.220000e+00	-1.406015e+03	1.369976e+03
5.229133e+00	-1.402973e+03	1.378836e+03
5.230000e+00	-1.403859e+03	1.378534e+03
5.240000e+00	-1.413750e+03	1.378255e+03
5.250000e+00	-1.384126e+03	1.370905e+03
5.258910e+00	-1.341432e+03	1.386935e+03
5.260000e+00	-1.416421e+03	1.370393e+03
5.268725e+00	-1.349953e+03	1.383036e+03
5.270000e+00	-1.385561e+03	1.386103e+03
5.280000e+00	-1.398559e+03	1.381983e+03
5.283778e+00	-1.419364e+03	1.384210e+03
5.290000e+00	-1.427583e+03	1.387445e+03
5.300000e+00	-1.410086e+03	1.386950e+03
5.305596e+00	-1.425224e+03	1.389222e+03
5.310000e+00	-1.448275e+03	1.394804e+03
5.320000e+00	-1.455912e+03	1.394777e+03
5.329576e+00	-1.536098e+03	1.385487e+03
5.330000e+00	-1.476996e+03	1.400331e+03
5.333058e+00	-9.747504e+02	1.434492e+03
5.337135e+00	-1.927974e+03	1.370009e+03
5.340000e+00	-1.169800e+03	1.432328e+03
5.348763e+00	-1.726987e+03	1.404711e+03
5.350000e+00	-1.612391e+03	1.408642e+03
5.360000e+00	-1.476505e+03	1.395980e+03
5.369229e+00	-1.378683e+03	1.400898e+03
5.370000e+00	-1.418445e+03	1.398488e+03
5.375843e+00	-1.469205e+03	1.398816e+03
5.380000e+00	-1.454330e+03	1.406091e+03
5.384739e+00	-1.446983e+03	1.401429e+03
5.390000e+00	-1.460650e+03	1.408612e+03
5.395613e+00	-1.395936e+03	1.409422e+03
5.400000e+00	-1.431516e+03	1.402941e+03
5.406571e+00	-1.415679e+03	1.414679e+03
5.410000e+00	-1.458727e+03	1.408044e+03
5.420000e+00	-1.506935e+03	1.421287e+03
5.430000e+00	-1.482914e+03	1.418870e+03
5.440000e+00	-1.408793e+03	1.407261e+03
5.442936e+00	-1.461068e+03	1.415153e+03
5.450000e+00	-1.473815e+03	1.419259e+03
5.458850e+00	-1.474461e+03	1.416630e+03
5.460000e+00	-1.460206e+03	1.415267e+03
5.464410e+00	-1.467895e+03	1.420562e+03
5.470000e+00	-1.446080e+03	1.416592e+03
5.475430e+00	-1.509264e+03	1.421823e+03
5.480000e+00	-1.482136e+03	1.429885e+03
5.488673e+00	-1.493387e+03	1.423457e+03
5.490000e+00	-1.471662e+03	1.420210e+03
5.496811e+00	-1.448342e+03	1.431934e+03
5.500000e+00	-1.479343e+03	1.424559e+03
5.506642e+00	-1.479571e+03	1.428979e+03
5.510000e+00	-1.477164e+03	1.432169e+03
5.514358e+00	-1.483836e+03	1.428070e+03
5.518805e+00	-1.542588e+03	1.426872e+03
5.520000e+00	-1.493852e+03	1.433755e+03
5.524537e+00	-1.415625e+03	1.431559e+03
5.530000e+00	-1.502434e+03	1.436647e+03
5.540000e+00	-1.466022e+03	1.430159e+03
5.550000e+00	-1.494585e+03	1.437301e+03
5.558620e+00	-1.339219e+03	1.447682e+03
5.560000e+00	-1.498237e+03	1.435555e+03
5.562759e+00	-1.641894e+03	1.432946e+03
5.570000e+00	-1.381222e+03	1.448070e+03
5.580000e+00	-1.460249e+03	1.437841e+03
5.587517e+00	-1.511427e+03	1.439406e+03
5.590000e+00	-1.499956e+03	1.441965e+03
5.598483e+00	-1.555843e+03	1.440793e+03
5.600000e+00	-1.505923e+03	1.447034e+03
5.608845e+00	-1.355253e+03	1.438509e+03
5.610000e+00	-1.438338e+03	1.448684e+03
5.619407e+00	-1.525918e+03	1.440784e+03
5.620000e+00	-1.521156e+03	1.446206e+03
5.630000e+00	-1.510307e+03	1.454269e+03
5.640000e+00	-1.504494e+03	1.453902e+03
5.645534e+00	-1.458812e+03	1.457182e+03
5.650000e+00	-1.471091e+03	1.445880e+03
5.657419e+00	-1.517967e+03	1.455679e+03
5.660000e+00	-1.523871e+03	1.455244e+03
5.670000e+00	-1.583732e+03	1.467853e+03
5.680000e+00	-1.511184e+03	1.455952e+03
5.683357e+00	-1.525884e+03	1.461138e+03
5.690000e+00	-1.510000e+03	1.464737e+03
5.696642e+00	-1.495359e+03	1.467026e+03
5.700000e+00	-1.536699e+03	1.472116e+03
5.706323e+00	-1.532940e+03	1.462771e+03
5.710000e+00	-1.521771e+03	1.459738e+03
5.718590e+00	-1.464204e+03	1.467654e+03
5.720000e+00	-1.522625e+03	1.463878e+03
5.724740e+00	-1.579874e+03	1.469573e+03
5.730000e+00	-1.505521e+03	1.465357e+03
5.737901e+00	-1.578062e+03	1.465978e+03
5.740000e+00	-1.589964e+03	1.468784e+03
5.750000e+00	-1.555189e+03	1.483654e+03
5.760000e+00	-1.539334e+03	1.476317e+03
5.770000e+00	-1.527786e+03	1.475773e+03
5.780000e+00	-1.539854e+03	1.477492e+03
5.790000e+00	-1.528203e+03	1.478656e+03
5.800000e+00	-1.566403e+03	1.485000e+03
5.804466e+00	-1.546653e+03	1.481261e+03
5.810000e+00	-1.559665e+03	1.487967e+03
5.820000e+00	-1.576800e+03	1.489426e+03
5.822854e+00	-1.564151e+03	1.491194e+03
5.830000e+00	-1.541737e+03	1.484791e+03
5.838591e+00	-1.496982e+03	1.490677e+03
5.840000e+00	-1.552587e+03	1.486870e+03
5.850000e+00	-1.532663e+03	1.487516e+03
5.860000e+00	-1.638604e+03	1.484074e+03
5.864223e+00	-1.410354e+03	1.504334e+03
5.870000e+00	-1.620579e+03	1.503476e+03
5.873639e+00	-1.595787e+03	1.495194e+03
5.880000e+00	-1.532146e+03	1.490119e+03
5.890000e+00	-1.578993e+03	1.500920e+03
5.898955e+00	-1.582500e+03	1.499567e+03
5.900000e+00	-1.585465e+03	1.499583e+03
5.909321e+00	-1.516339e+03	1.504171e+03
5.910000e+00	-1.550195e+03	1.500059e+03
5.915744e+00	-1.609072e+03	1.500253e+03
5.920000e+00	-1.597690e+03	1.509438e+03
5.930000e+00	-1.539140e+03	1.499127e+03
5.940000e+00	-1.573269e+03	1.512231e+03
5.950000e+00	-1.536432e+03	1.522014e+03
5.959123e+00	-1.555429e+03	1.511657e+03
5.960000e+00	-1.574094e+03	1.514542e+03
5.964610e+00	-1.602531e+03	1.514770e+03
5.970000e+00	-1.571921e+03	1.512358e+03
5.976344e+00	-1.549223e+03	1.522743e+03
5.980000e+00	-1.610529e+03	1.517056e+03
5.985314e+00	-1.528014e+03	1.520434e+03
5.990000e+00	-1.585400e+03	1.511759e+03
5.995281e+00	-1.629496e+03	1.515039e+03
6.000000e+00	-1.620029e+03	1.517933e+03
6.003379e+00	-1.597603e+03	1.521008e+03
6.008698e+00	-1.599422e+03	1.522181e+03
6.010000e+00	-1.598173e+03	1.525109e+03
6.016961e+00	-1.577544e+03	1.527565e+03
6.020000e+00	-1.611947e+03	1.529426e+03
6.027003e+00	-1.694967e+03	1.516501e+03
6.030000e+00	-1.610450e+03	1.527042e+03
6.035099e+00	-1.611902e+03	1.523706e+03
6.039337e+00	-1.675739e+03	1.526765e+03
6.040000e+00	-1.638761e+03	1.530889e+03
6.045707e+00	-1.544160e+03	1.529705e+03
6.050000e+00	-1.597580e+03	1.524383e+03
6.057476e+00	-1.619837e+03	1.529170e+03
6.060000e+00	-1.642446e+03	1.533927e+03
6.063465e+00	-1.594832e+03	1.532623e+03
6.070000e+00	-1.639952e+03	1.527996e+03
6.076565e+00	-1.608747e+03	1.534963e+03
6.080000e+00	-1.636776e+03	1.542482e+03
6.090000e+00	-1.648357e+03	1.534543e+03
6.100000e+00	-1.602972e+03	1.539147e+03
6.110000e+00	-1.688068e+03	1.544138e+03
6.120000e+00	-1.606685e+03	1.540282e+03
6.127128e+00	-1.696329e+03	1.545991e+03
6.130000e+00	-1.648476e+03	1.543076e+03
6.138647e+00	-1.574759e+03	1.548224e+03
6.140000e+00	-1.633363e+03	1.543617e+03
6.144705e+00	-1.695266e+03	1.549761e+03
6.150000e+00	-1.608814e+03	1.543737e+03
6.153155e+00	-1.657067e+03	1.550743e+03
6.160000e+00	-1.630300e+03	1.551765e+03
6.166305e+00	-1.658279e+03	1.551979e+03
6.170000e+00	-1.606196e+03	1.540304e+03
6.177389e+00	-1.648763e+03	1.552405e+03
6.180000e+00	-1.664698e+03	1.553305e+03
6.189167e+00	-1.708689e+03	1.555953e+03
6.190000e+00	-1.659874e+03	1.560696e+03
6.200000e+00	-1.657247e+03	1.564308e+03
6.209343e+00	-1.710999e+03	1.559659e+03
6.210000e+00	-1.680372e+03	1.563127e+03
6.215841e+00	-1.584883e+03	1.562583e+03
6.220000e+00	-1.646625e+03	1.557765e+03
6.229132e+00	-1.650737e+03	1.568092e+03
6.230000e+00	-1.660317e+03	1.569269e+03
6.240000e+00	-1.626664e+03	1.558778e+03
6.250000e+00	-1.652883e+03	1.567295e+03
6.256727e+00	-1.660412e+03	1.569462e+03
6.260000e+00	-1.680039e+03	1.574794e+03
6.264286e+00	-1.685120e+03	1.570940e+03
6.270000e+00	-1.681741e+03	1.574522e+03
6.275123e+00	-1.639283e+03	1.580707e+03
6.280000e+00	-1.661605e+03	1.567721e+03
6.287445e+00	-1.684038e+03	1.572874e+03
6.290000e+00	-1.708673e+03	1.578664e+03
6.293207e+00	-1.661893e+03	1.575257e+03
6.298634e+00	-1.690097e+03	1.578648e+03
6.300000e+00	-1.702170e+03	1.572716e+03
6.310000e+00	-1.684852e+03	1.580038e+03
6.318742e+00	-1.668697e+03	1.579474e+03
6.320000e+00	-1.658873e+03	1.584472e+03
6.326227e+00	-1.674567e+03	1.588167e+03
6.330000e+00	-1.684589e+03	1.586609e+03
6.335772e+00	-1.630979e+03	1.587453e+03
6.340000e+00	-1.677330e+03	1.580593e+03
6.344182e+00	-1.712006e+03	1.589499e+03
6.349360e+00	-1.617031e+03	1.592308e+03
6.350000e+00	-1.650573e+03	1.585022e+03
6.355295e+00	-1.767968e+03	1.589276e+03
6.360000e+00	-1.709543e+03	1.600027e+03
6.366377e+00	-1.748999e+03	1.584434e+03
6.370000e+00	-1.725735e+03	1.590254e+03
6.378711e+00	-1.525616e+03	1.597950e+03
6.380000e+00	-1.602087e+03	1.589110e+03
6.386315e+00	-1.729994e+03	1.596648e+03
6.390000e+00	-1.721983e+03	1.605499e+03
6.396155e+00	-1.713804e+03	1.593402e+03
6.400000e+00	-1.691124e+03	1.587737e+03
6.405268e+00	-1.744272e+03	1.594783e+03
6.410000e+00	-1.724606e+03	1.605730e+03
6.413045e+00	-1.689108e+03	1.599061e+03
6.418516e+00	-1.723826e+03	1.601030e+03
6.420000e+00	-1.736781e+03	1.596817e+03
6.428344e+00	-1.789840e+03	1.602751e+03
6.430000e+00	-1.738402e+03	1.602960e+03
6.435126e+00	-1.720898e+03	1.603028e+03
6.440000e+00	-1.730930e+03	1.605565e+03
6.450000e+00	-1.685789e+03	1.595036e+03
6.460000e+00	-1.716479e+03	1.604755e+03
6.469393e+00	-1.772026e+03	1.609592e+03
6.470000e+00	-1.745280e+03	1.613746e+03
6.475347e+00	-1.715457e+03	1.611937e+03
6.480000e+00	-1.770899e+03	1.622103e+03
6.490000e+00	-1.740975e+03	1.616547e+03
6.494536e+00	-1.763325e+03	1.613387e+03
6.500000e+00	-1.695092e+03	1.608505e+03
6.503069e+00	-1.735245e+03	1.613583e+03
6.510000e+00	-1.724417e+03	1.618531e+03
6.519374e+00	-1.672009e+03	1.619507e+03
6.520000e+00	-1.717209e+03	1.613176e+03
6.529038e+00	-1.688988e+03	1.625507e+03
6.530000e+00	-1.733001e+03	1.618847e+03
6.533404e+00	-1.756446e+03	1.620738e+03
6.540000e+00	-1.710079e+03	1.620841e+03
6.546226e+00	-1.754763e+03	1.626191e+03
6.550000e+00	-1.805862e+03	1.612945e+03
6.559190e+00	-1.745135e+03	1.624546e+03
6.560000e+00	-1.749458e+03	1.623797e+03
6.564276e+00	-1.802868e+03	1.629175e+03
6.569331e+00	-1.688784e+03	1.628881e+03
6.570000e+00	-1.723030e+03	1.625097e+03
6.575734e+00	-1.797350e+03	1.626120e+03
6.580000e+00	-1.767932e+03	1.635477e+03
6.590000e+00	-1.766071e+03	1.628140e+03
6.596090e+00	-1.669104e+03	1.635225e+03
6.598722e+00	-1.801474e+03	1.633240e+03
6.600000e+00	-1.764964e+03	1.629842e+03
6.606677e+00	-1.735932e+03	1.642846e+03
6.610000e+00	-1.769633e+03	1.635061e+03
6.616949e+00	-1.836842e+03	1.635042e+03
6.620000e+00	-1.762110e+03	1.633247e+03
6.626401e+00	-1.721041e+03	1.645228e+03
6.630000e+00	-1.800863e+03	1.640896e+03
6.634244e+00	-1.710205e+03	1.640312e+03
6.640000e+00	-1.762001e+03	1.647502e+03
6.648079e+00	-1.729807e+03	1.647140e+03
6.650000e+00	-1.776751e+03	1.641393e+03
6.654770e+00	-1.841164e+03	1.646380e+03
6.660000e+00	-1.739058e+03	1.640053e+03
6.663186e+00	-1.793614e+03	1.647195e+03
6.668374e+00	-1.761426e+03	1.645857e+03
6.670000e+00	-1.762423e+03	1.647645e+03
6.680000e+00	-1.782741e+03	1.645850e+03
6.685080e+00	-1.827712e+03	1.650412e+03
6.690000e+00	-1.759591e+03	1.648084e+03
6.696529e+00	-1.755142e+03	1.659866e+03
6.700000e+00	-1.794515e+03	1.652478e+03
6.709164e+00	-1.714502e+03	1.656499e+03
6.710000e+00	-1.739856e+03	1.658038e+03
6.720000e+00	-1.731135e+03	1.646397e+03
6.727175e+00	-1.806710e+03	1.660317e+03
6.730000e+00	-1.791372e+03	1.655802e+03
6.739101e+00	-1.784100e+03	1.665058e+03
6.740000e+00	-1.814811e+03	1.670049e+03
6.745264e+00	-1.752806e+03	1.669173e+03
6.750000e+00	-1.850827e+03	1.672469e+03
6.753629e+00	-1.830057e+03	1.662617e+03
6.760000e+00	-1.849468e+03	1.656427e+03
6.763324e+00	-1.752493e+03	1.672162e+03
6.770000e+00	-1.824567e+03	1.663676e+03
6.779084e+00	-1.777164e+03	1.673099e+03
6.780000e+00	-1.804504e+03	1.666799e+03
6.787008e+00	-1.817749e+03	1.669963e+03
6.790000e+00	-1.810757e+03	1.673418e+03
6.797753e+00	-1.784755e+03	1.679041e+03
6.800000e+00	-1.817547e+03	1.669707e+03
6.810000e+00	-1.773586e+03	1.667387e+03
6.813067e+00	-1.831243e+03	1.675258e+03
6.818286e+00	-1.806947e+03	1.675619e+03
6.820000e+00	-1.802166e+03	1.675589e+03
6.830000e+00	-1.842886e+03	1.685082e+03
6.836247e+00	-1.865269e+03	1.674919e+03
6.840000e+00	-1.837959e+03	1.678034e+03
6.846994e+00	-1.782137e+03	1.686571e+03
6.850000e+00	-1.844429e+03	1.679131e+03
6.856570e+00	-1.780562e+03	1.691656e+03
6.860000e+00	-1.844045e+03	1.694827e+03
6.865094e+00	-1.766679e+03	1.688537e+03
6.870000e+00	-1.811138e+03	1.676737e+03
6.879172e+00	-1.830172e+03	1.685328e+03
6.880000e+00	-1.830477e+03	1.683677e+03
6.890000e+00	-1.829042e+03	1.687583e+03
6.900000e+00	-1.789206e+03	1.682672e+03
6.909126e+00	-1.844212e+03	1.692711e+03
6.910000e+00	-1.831468e+03	1.688890e+03
6.918562e+00	-1.776464e+03	1.693906e+03
6.920000e+00	-1.836725e+03	1.691615e+03
6.930000e+00	-1.802130e+03	1.688987e+03
6.932937e+00	-1.859153e+03	1.697671e+03
6.938228e+00	-1.848272e+03	1.700442e+03
6.940000e+00	-1.833255e+03	1.698656e+03
6.945031e+00	-1.823603e+03	1.698898e+03
6.950000e+00	-1.854940e+03	1.700455e+03
6.960000e+00	-1.791544e+03	1.691346e+03
6.970000e+00	-1.845047e+03	1.699573e+03
6.979075e+00	-1.835528e+03	1.708025e+03
6.980000e+00	-1.874005e+03	1.715566e+03
6.990000e+00	-1.896581e+03	1.698097e+03
6.995906e+00	-1.759128e+03	1.706220e+03
6.999318e+00	-1.835938e+03	1.712250e+03
7.000000e+00	-1.844771e+03	1.710094e+03
7.006419e+00	-1.887818e+03	1.713797e+03
7.010000e+00	-1.868176e+03	1.720278e+03
7.019238e+00	-1.852797e+03	1.713455e+03
7.020000e+00	-1.877331e+03	1.714002e+03
7.025538e+00	-1.917861e+03	1.716939e+03
7.030000e+00	-1.864225e+03	1.714444e+03
7.039333e+00	-1.794239e+03	1.717637e+03
7.040000e+00	-1.841789e+03	1.712925e+03
7.045205e+00	-1.942790e+03	1.721096e+03
7.050000e+00	-1.856899e+03	1.716810e+03
7.058566e+00	-1.815130e+03	1.720323e+03
7.060000e+00	-1.872982e+03	1.718131e+03
7.070000e+00	-1.838227e+03	1.715346e+03
7.072935e+00	-1.895821e+03	1.724012e+03
7.080000e+00	-1.865770e+03	1.723532e+03
7.085627e+00	-1.909850e+03	1.726947e+03
7.090000e+00	-1.936639e+03	1.739785e+03
7.097000e+00	-1.889600e+03	1.730513e+03
7.100000e+00	-1.887648e+03	1.732671e+03
7.107716e+00	-1.839142e+03	1.735823e+03
7.110000e+00	-1.905026e+03	1.726797e+03
7.119336e+00	-1.829626e+03	1.732644e+03
7.120000e+00	-1.868004e+03	1.729090e+03
7.130000e+00	-1.924168e+03	1.749697e+03
7.136929e+00	-1.887020e+03	1.734586e+03
7.140000e+00	-1.909797e+03	1.742196e+03
7.150000e+00	-1.854365e+03	1.727628e+03
7.160000e+00	-1.905788e+03	1.730063e+03
7.164881e+00	-1.898760e+03	1.743399e+03
7.170000e+00	-1.884880e+03	1.737462e+03
7.180000e+00	-1.881945e+03	1.739676e+03
7.186349e+00	-1.846604e+03	1.749645e+03
7.190000e+00	-1.941428e+03	1.748438e+03
7.193495e+00	-1.891801e+03	1.747363e+03
7.198726e+00	-1.931595e+03	1.750013e+03
7.200000e+00	-1.941249e+03	1.742614e+03
7.207729e+00	-1.985097e+03	1.747935e+03
7.210000e+00	-1.921283e+03	1.750351e+03
7.219167e+00	-1.738347e+03	1.750316e+03
7.220000e+00	-1.800910e+03	1.753028e+03
7.229358e+00	-1.865971e+03	1.754453e+03
7.230000e+00	-1.896066e+03	1.750395e+03
7.235705e+00	-1.993892e+03	1.751893e+03
7.240000e+00	-1.934696e+03	1.761346e+03
7.250000e+00	-1.915714e+03	1.745223e+03
7.256985e+00	-1.939482e+03	1.757441e+03
7.260000e+00	-1.932166e+03	1.754068e+03
7.263880e+00	-1.934015e+03	1.763090e+03
7.270000e+00	-1.945698e+03	1.760535e+03
7.275101e+00	-1.934922e+03	1.762694e+03
7.279315e+00	-1.873843e+03	1.762083e+03
7.280000e+00	-1.913785e+03	1.759587e+03
7.285572e+00	-2.017128e+03	1.767940e+03
7.290000e+00	-1.963579e+03	1.777210e+03
7.300000e+00	-1.916676e+03	1.755258e+03
7.310000e+00	-1.953633e+03	1.774451e+03
7.315141e+00	-1.877222e+03	1.768001e+03
7.320000e+00	-1.966921e+03	1.774347e+03
7.330000e+00	-1.967174e+03	1.767126e+03
7.339199e+00	-1.952102e+03	1.774537e+03
7.340000e+00	-1.954445e+03	1.773841e+03
7.350000e+00	-1.914941e+03	1.775725e+03
7.360000e+00	-1.960556e+03	1.777809e+03
7.369395e+00	-1.893977e+03	1.781800e+03
7.370000e+00	-1.927519e+03	1.776231e+03
7.375122e+00	-2.038929e+03	1.783797e+03
7.380000e+00	-1.936636e+03	1.778044e+03
7.386493e+00	-1.909056e+03	1.788304e+03
7.390000e+00	-1.987910e+03	1.784287e+03
7.394466e+00	-1.914003e+03	1.782996e+03
7.398467e+00	-1.885033e+03	1.802874e+03
7.400000e+00	-1.964941e+03	1.780077e+03
7.410000e+00	-1.929577e+03	1.780409e+03
7.417765e+00	-2.023885e+03	1.788478e+03
7.420000e+00	-1.997488e+03	1.787737e+03
7.430000e+00	-1.933829e+03	1.777597e+03
7.440000e+00	-1.955374e+03	1.785008e+03
7.450000e+00	-1.939650e+03	1.801058e+03
7.453809e+00	-2.018408e+03	1.795013e+03
7.460000e+00	-1.992591e+03	1.793064e+03
7.469084e+00	-1.946558e+03	1.804240e+03
7.470000e+00	-1.986610e+03	1.797094e+03
7.476638e+00	-1.994993e+03	1.799371e+03
7.480000e+00	-2.002247e+03	1.809268e+03
7.490000e+00	-2.025187e+03	1.804969e+03
7.496283e+00	-2.012760e+03	1.803942e+03
7.500000e+00	-1.969889e+03	1.795789e+03
7.509120e+00	-2.010074e+03	1.807564e+03
7.510000e+00	-1.988247e+03	1.801346e+03
7.514285e+00	-1.996747e+03	1.808335e+03
7.518758e+00	-1.885918e+03	1.808574e+03
7.520000e+00	-1.986713e+03	1.799987e+03
7.530000e+00	-1.996573e+03	1.808297e+03
7.540000e+00	-1.943423e+03	1.800136e+03
7.550000e+00	-1.979698e+03	1.805133e+03
7.558570e+00	-1.962603e+03	1.816495e+03
7.560000e+00	-1.977407e+03	1.818805e+03
7.570000e+00	-2.000195e+03	1.810323e+03
7.576701e+00	-1.999969e+03	1.818405e+03
7.580000e+00	-2.029440e+03	1.828168e+03
7.590000e+00	-2.068522e+03	1.827960e+03
7.599794e+00	-2.119773e+03	1.818453e+03
7.600000e+00	-2.046492e+03	1.825154e+03
7.610000e+00	-1.996136e+03	1.823362e+03
7.618319e+00	-2.012031e+03	1.831768e+03
7.620000e+00	-2.026987e+03	1.826251e+03
7.627023e+00	-2.103754e+03	1.831276e+03
7.630000e+00	-2.052496e+03	1.829279e+03
7.637486e+00	-2.029488e+03	1.833572e+03
7.640000e+00	-2.029544e+03	1.829315e+03
7.645867e+00	-2.055214e+03	1.831098e+03
7.650000e+00	-2.075590e+03	1.842059e+03
7.660000e+00	-2.078674e+03	1.820809e+03
7.670000e+00	-2.040857e+03	1.843028e+03
7.678971e+00	-2.034536e+03	1.839694e+03
7.680000e+00	-2.056953e+03	1.842517e+03
7.690000e+00	-2.052948e+03	1.834932e+03
7.700000e+00	-2.003552e+03	1.834578e+03
7.709128e+00	-2.055451e+03	1.849710e+03
7.710000e+00	-2.064286e+03	1.845350e+03
7.720000e+00	-1.890957e+03	1.831556e+03
7.722591e+00	-2.077082e+03	1.850312e+03
7.730000e+00	-1.959113e+03	1.845944e+03
7.736330e+00	-2.063631e+03	1.850071e+03
7.740000e+00	-2.068033e+03	1.861175e+03
7.743888e+00	-2.094426e+03	1.852613e+03
7.749010e+00	-2.046552e+03	1.850906e+03
7.750000e+00	-2.052524e+03	1.856423e+03
7.760000e+00	-2.004132e+03	1.852469e+03
7.770000e+00	-2.136471e+03	1.873817e+03
7.780000e+00	-2.106736e+03	1.855077e+03
7.787044e+00	-2.054916e+03	1.864431e+03
7.790000e+00	-2.075054e+03	1.859992e+03
7.797727e+00	-2.084256e+03	1.866856e+03
7.800000e+00	-2.033538e+03	1.857440e+03
7.807264e+00	-2.096752e+03	1.861609e+03
7.810000e+00	-2.116935e+03	1.871783e+03
7.820000e+00	-2.134474e+03	1.867588e+03
7.830000e+00	-2.219011e+03	1.868249e+03
7.839042e+00	-1.922324e+03	1.879933e+03
7.840000e+00	-1.991048e+03	1.864999e+03
7.847624e+00	-1.997823e+03	1.867684e+03
7.850000e+00	-1.953157e+03	1.862524e+03
7.860000e+00	-2.002901e+03	1.868999e+03
7.863792e+00	-2.180575e+03	1.876472e+03
7.869395e+00	-2.017956e+03	1.878611e+03
7.870000e+00	-2.047941e+03	1.872900e+03
7.875677e+00	-2.179519e+03	1.874012e+03
7.880000e+00	-2.102245e+03	1.883913e+03
7.883128e+00	-2.062490e+03	1.874879e+03
7.890000e+00	-2.133178e+03	1.880574e+03
7.895497e+00	-2.039817e+03	1.878427e+03
7.900000e+00	-2.077545e+03	1.871722e+03
7.907134e+00	-2.115371e+03	1.879935e+03
7.910000e+00	-2.149707e+03	1.892886e+03
7.920000e+00	-2.171838e+03	1.890611e+03
7.924930e+00	-2.026002e+03	1.890303e+03
7.930000e+00	-2.092692e+03	1.876846e+03
7.937151e+00	-2.122515e+03	1.885609e+03
7.940000e+00	-2.156435e+03	1.898026e+03
7.950000e+00	-2.178203e+03	1.894588e+03
7.952915e+00	-2.119591e+03	1.895413e+03
7.960000e+00	-2.132491e+03	1.887398e+03
7.969068e+00	-2.059511e+03	1.898589e+03
7.970000e+00	-2.120536e+03	1.891157e+03
7.975451e+00	-2.200889e+03	1.898120e+03
7.980000e+00	-2.147237e+03	1.912139e+03
7.990000e+00	-2.156728e+03	1.910749e+03
7.995936e+00	-2.141814e+03	1.897049e+03
8.000000e+00	-2.133275e+03	1.893944e+03
8.005116e+00	-2.199573e+03	1.903447e+03
8.010000e+00	-2.098029e+03	1.895628e+03
8.016264e+00	-2.061756e+03	1.904504e+03
8.020000e+00	-2.162886e+03	1.908112e+03
8.023044e+00	-2.123849e+03	1.902817e+03
8.028404e+00	-2.148553e+03	1.905877e+03
8.030000e+00	-2.169529e+03	1.903219e+03
8.040000e+00	-2.119761e+03	1.907033e+03
8.047363e+00	-2.195745e+03	1.905353e+03
8.050000e+00	-2.167446e+03	1.909303e+03
8.056898e+00	-2.088696e+03	1.907053e+03
8.060000e+00	-2.227387e+03	1.921799e+03
8.067023e+00	-2.094907e+03	1.918862e+03
8.070000e+00	-2.150359e+03	1.909583e+03
8.075455e+00	-2.249278e+03	1.917004e+03
8.080000e+00	-2.165946e+03	1.928281e+03
8.084902e+00	-2.084828e+03	1.919154e+03
8.090000e+00	-2.121361e+03	1.904783e+03
8.099097e+00	-2.176994e+03	1.921608e+03
8.100000e+00	-2.137290e+03	1.910593e+03
8.110000e+00	-2.138724e+03	1.913780e+03
8.114148e+00	-2.140691e+03	1.918349e+03
8.119192e+00	-2.156914e+03	1.920102e+03
8.120000e+00	-2.154784e+03	1.916923e+03
8.128677e+00	-2.076845e+03	1.922519e+03
8.130000e+00	-2.151727e+03	1.918670e+03
8.134500e+00	-2.244167e+03	1.929040e+03
8.139348e+00	-2.100753e+03	1.924949e+03
8.140000e+00	-2.138081e+03	1.922099e+03
8.145499e+00	-2.259795e+03	1.931926e+03
8.150000e+00	-2.193826e+03	1.944482e+03
8.158181e+00	-2.236090e+03	1.928986e+03
8.160000e+00	-2.209676e+03	1.930652e+03
8.164447e+00	-2.165066e+03	1.927997e+03
8.169460e+00	-2.110675e+03	1.933099e+03
8.170000e+00	-2.147286e+03	1.925225e+03
8.179355e+00	-2.094986e+03	1.932549e+03
8.180000e+00	-2.142716e+03	1.928527e+03
8.185209e+00	-2.257705e+03	1.938219e+03
8.190000e+00	-2.150992e+03	1.930867e+03
8.196386e+00	-2.116293e+03	1.941177e+03
8.200000e+00	-2.204539e+03	1.938906e+03
8.203785e+00	-2.150337e+03	1.938228e+03
8.210000e+00	-2.216414e+03	1.929797e+03
8.220000e+00	-2.083780e+03	1.931419e+03
8.230000e+00	-2.165609e+03	1.934115e+03
8.232934e+00	-2.204083e+03	1.945134e+03
8.237996e+00	-2.180028e+03	1.943265e+03
8.240000e+00	-2.170959e+03	1.940341e+03
8.246275e+00	-2.146721e+03	1.952013e+03
8.250000e+00	-2.212369e+03	1.947204e+03
8.254539e+00	-2.150593e+03	1.945524e+03
8.258462e+00	-2.103506e+03	1.964581e+03
8.260000e+00	-2.188930e+03	1.942250e+03
8.270000e+00	-2.146037e+03	1.939609e+03
8.274965e+00	-2.254914e+03	1.946530e+03
8.280000e+00	-2.187520e+03	1.957727e+03
8.283349e+00	-2.163434e+03	1.949553e+03
8.290000e+00	-2.226329e+03	1.957711e+03
8.299218e+00	-2.203354e+03	1.954504e+03
8.300000e+00	-2.219054e+03	1.958205e+03
8.308951e+00	-2.238445e+03	1.957121e+03
8.310000e+00	-2.215447e+03	1.950420e+03
8.319176e+00	-2.213307e+03	1.959350e+03
8.320000e+00	-2.201600e+03	1.954704e+03
8.330000e+00	-2.209596e+03	1.957458e+03
8.334675e+00	-2.261896e+03	1.957788e+03
8.340000e+00	-2.165103e+03	1.952317e+03
8.350000e+00	-2.202850e+03	1.969899e+03
8.354929e+00	-2.158755e+03	1.965694e+03
8.360000e+00	-2.259029e+03	1.977457e+03
8.368939e+00	-2.295807e+03	1.964157e+03
8.370000e+00	-2.243722e+03	1.972583e+03
8.373286e+00	-2.147130e+03	1.972639e+03
8.380000e+00	-2.282654e+03	1.969422e+03
8.388629e+00	-2.308088e+03	1.969598e+03
8.390000e+00	-2.242671e+03	1.975594e+03
8.395113e+00	-2.220722e+03	1.975459e+03
8.400000e+00	-2.202686e+03	1.968318e+03
8.410000e+00	-2.175995e+03	1.963947e+03
8.417832e+00	-2.223703e+03	1.976926e+03
8.420000e+00	-2.214880e+03	1.971796e+03
8.423095e+00	-2.254423e+03	1.980509e+03
8.428096e+00	-2.230513e+03	1.978835e+03
8.430000e+00	-2.221797e+03	1.977058e+03
8.438415e+00	-2.140092e+03	2.000205e+03
8.440000e+00	-2.238131e+03	1.975253e+03
8.450000e+00	-2.180620e+03	1.970393e+03
8.460000e+00	-2.217666e+03	1.989341e+03
8.469326e+00	-2.325018e+03	1.990720e+03
8.470000e+00	-2.272566e+03	1.990417e+03
8.475705e+00	-2.164321e+03	1.989532e+03
8.480000e+00	-2.225294e+03	1.978021e+03
8.484984e+00	-2.305312e+03	1.986985e+03
8.490000e+00	-2.251088e+03	1.999717e+03
8.500000e+00	-2.206560e+03	1.987822e+03
8.510000e+00	-2.238838e+03	1.985891e+03
8.520000e+00	-2.500526e+03	1.961610e+03
8.525851e+00	-1.996996e+03	2.009263e+03
8.530000e+00	-2.334187e+03	1.996542e+03
8.538692e+00	-2.192855e+03	2.001021e+03
8.540000e+00	-2.262464e+03	1.997207e+03
8.544555e+00	-2.359960e+03	2.007463e+03
8.550000e+00	-2.197361e+03	1.985861e+03
8.556895e+00	-2.289687e+03	2.005373e+03
8.560000e+00	-2.255217e+03	1.994338e+03
8.568623e+00	-2.204604e+03	2.002275e+03
8.570000e+00	-2.224683e+03	2.015392e+03
8.580000e+00	-2.384371e+03	2.024057e+03
8.586092e+00	-2.369373e+03	2.004689e+03
8.590000e+00	-2.293482e+03	2.012268e+03
8.594547e+00	-2.213830e+03	2.009246e+03
8.599370e+00	-2.348858e+03	2.013744e+03
8.600000e+00	-2.309832e+03	2.015735e+03
8.605627e+00	-2.187755e+03	2.012419e+03
8.610000e+00	-2.255255e+03	1.999800e+03
8.620000e+00	-2.244817e+03	2.007023e+03
8.623139e+00	-2.307267e+03	2.017570e+03
8.630000e+00	-2.274185e+03	2.015754e+03
8.635676e+00	-2.321707e+03	2.017816e+03
8.639423e+00	-2.357424e+03	2.017863e+03
8.640000e+00	-2.325287e+03	2.022039e+03
8.645566e+00	-2.198726e+03	2.018017e+03
8.650000e+00	-2.249725e+03	2.002873e+03
8.656822e+00	-2.318970e+03	2.025542e+03
8.660000e+00	-2.268377e+03	2.009846e+03
8.670000e+00	-2.266536e+03	2.017497e+03
8.673150e+00	-2.320649e+03	2.026575e+03
8.680000e+00	-2.285836e+03	2.025075e+03
8.685608e+00	-2.335344e+03	2.027797e+03
8.689412e+00	-2.376958e+03	2.028141e+03
8.690000e+00	-2.339685e+03	2.032088e+03
8.695491e+00	-2.212672e+03	2.027287e+03
8.700000e+00	-2.256969e+03	2.009913e+03
8.710000e+00	-2.199998e+03	2.027741e+03
8.716172e+00	-2.292129e+03	2.028531e+03
8.720000e+00	-2.277371e+03	2.028813e+03
8.723370e+00	-2.370310e+03	2.037091e+03
8.729448e+00	-2.368551e+03	2.033211e+03
8.730000e+00	-2.346055e+03	2.038458e+03
8.735555e+00	-2.216502e+03	2.040095e+03
8.740000e+00	-2.304206e+03	2.026872e+03
8.744945e+00	-2.376580e+03	2.036763e+03
8.750000e+00	-2.322776e+03	2.051069e+03
8.760000e+00	-2.396686e+03	2.068684e+03
8.770000e+00	-2.357702e+03	2.055664e+03
8.779163e+00	-2.254810e+03	2.060185e+03
8.780000e+00	-2.305937e+03	2.035303e+03
8.790000e+00	-2.324543e+03	2.049345e+03
8.800000e+00	-2.455502e+03	2.045006e+03
8.809299e+00	-2.241098e+03	2.058037e+03
8.810000e+00	-2.313912e+03	2.045472e+03
8.814724e+00	-2.327026e+03	2.051194e+03
8.820000e+00	-2.335762e+03	2.050435e+03
8.825172e+00	-2.387063e+03	2.051889e+03
8.830000e+00	-2.319899e+03	2.050055e+03
8.840000e+00	-2.334159e+03	2.053103e+03
8.844158e+00	-2.327092e+03	2.056280e+03
8.849170e+00	-2.363480e+03	2.060634e+03
8.850000e+00	-2.346187e+03	2.053723e+03
8.859172e+00	-2.364400e+03	2.063137e+03
8.860000e+00	-2.343653e+03	2.056403e+03
8.869186e+00	-2.364247e+03	2.064224e+03
8.870000e+00	-2.348464e+03	2.058615e+03
8.879231e+00	-2.355675e+03	2.063638e+03
8.880000e+00	-2.355045e+03	2.060940e+03
8.890000e+00	-2.372684e+03	2.068904e+03
8.895026e+00	-2.369531e+03	2.070255e+03
8.900000e+00	-2.346355e+03	2.064867e+03
8.910000e+00	-2.326424e+03	2.062440e+03
8.920000e+00	-2.485579e+03	2.070878e+03
8.926932e+00	-2.214143e+03	2.091489e+03
8.930000e+00	-2.449720e+03	2.066447e+03
8.934184e+00	-2.295443e+03	2.079193e+03
8.939188e+00	-2.393919e+03	2.079426e+03
8.940000e+00	-2.379184e+03	2.073351e+03
8.949229e+00	-2.376306e+03	2.077195e+03
8.950000e+00	-2.373925e+03	2.074213e+03
8.960000e+00	-2.402602e+03	2.085208e+03
8.970000e+00	-2.424172e+03	2.092873e+03
8.980000e+00	-2.400211e+03	2.085746e+03
8.988867e+00	-2.410032e+03	2.084537e+03
8.990000e+00	-2.413435e+03	2.078651e+03
9.000000e+00	-2.386186e+03	2.082664e+03
9.010000e+00	-2.370283e+03	2.084505e+03
9.019087e+00	-2.396432e+03	2.090689e+03
9.020000e+00	-2.412445e+03	2.096734e+03
9.029372e+00	-2.316856e+03	2.093252e+03
9.030000e+00	-2.369176e+03	2.088708e+03
9.039464e+00	-2.507114e+03	2.084159e+03
9.040000e+00	-2.482068e+03	2.096227e+03
9.047895e+00	-2.361032e+03	2.092735e+03
9.050000e+00	-2.373810e+03	2.095247e+03
9.060000e+00	-2.444297e+03	2.118543e+03
9.068079e+00	-2.482333e+03	2.103399e+03
9.070000e+00	-2.461898e+03	2.106911e+03
9.072563e+00	-2.404596e+03	2.104779e+03
9.080000e+00	-2.437433e+03	2.101851e+03
9.085651e+00	-2.416690e+03	2.111737e+03
9.090000e+00	-2.387695e+03	2.102635e+03
9.094031e+00	-2.337553e+03	2.109496e+03
9.100000e+00	-2.485787e+03	2.125279e+03
9.106154e+00	-2.484953e+03	2.112087e+03
9.110000e+00	-2.446746e+03	2.117894e+03
9.120000e+00	-2.410019e+03	2.116376e+03
9.125496e+00	-2.413540e+03	2.117066e+03
9.130000e+00	-2.351063e+03	2.093064e+03
9.136859e+00	-2.442012e+03	2.113724e+03
9.140000e+00	-2.403358e+03	2.100639e+03
9.142833e+00	-2.452214e+03	2.116848e+03
9.147811e+00	-2.424484e+03	2.115680e+03
9.150000e+00	-2.407231e+03	2.109964e+03
9.153187e+00	-2.453983e+03	2.118748e+03
9.158075e+00	-2.418957e+03	2.114980e+03
9.160000e+00	-2.412450e+03	2.113160e+03
9.165104e+00	-2.476830e+03	2.122656e+03
9.170000e+00	-2.432715e+03	2.120330e+03
9.178176e+00	-2.396347e+03	2.123074e+03
9.180000e+00	-2.451877e+03	2.118621e+03
9.184599e+00	-2.538493e+03	2.128454e+03
9.190000e+00	-2.364140e+03	2.104103e+03
9.196779e+00	-2.464683e+03	2.127266e+03
9.200000e+00	-2.405425e+03	2.108697e+03
9.208078e+00	-2.352127e+03	2.134102e+03
9.210000e+00	-2.552940e+03	2.117696e+03
9.220000e+00	-2.487602e+03	2.141238e+03
9.223925e+00	-2.363661e+03	2.126052e+03
9.228804e+00	-2.549657e+03	2.133848e+03
9.230000e+00	-2.474970e+03	2.137183e+03
9.234474e+00	-2.360945e+03	2.130151e+03
9.240000e+00	-2.478030e+03	2.136438e+03
9.245543e+00	-2.355884e+03	2.131462e+03
9.250000e+00	-2.410887e+03	2.114028e+03
9.256706e+00	-2.482488e+03	2.139681e+03
9.260000e+00	-2.407433e+03	2.115955e+03
9.266772e+00	-2.487479e+03	2.142556e+03
9.270000e+00	-2.410496e+03	2.118585e+03
9.276748e+00	-2.491993e+03	2.145529e+03
9.280000e+00	-2.406573e+03	2.119161e+03
9.286854e+00	-2.490964e+03	2.145511e+03
9.290000e+00	-2.427500e+03	2.125445e+03
9.298082e+00	-2.370673e+03	2.151531e+03
9.300000e+00	-2.581113e+03	2.134001e+03
9.310000e+00	-2.514971e+03	2.158963e+03
9.313864e+00	-2.387437e+03	2.142997e+03
9.318755e+00	-2.574401e+03	2.152359e+03
9.320000e+00	-2.496649e+03	2.153809e+03
9.324512e+00	-2.375670e+03	2.144291e+03
9.329358e+00	-2.562756e+03	2.153883e+03
9.330000e+00	-2.507321e+03	2.153975e+03
9.335383e+00	-2.379595e+03	2.147573e+03
9.340000e+00	-2.493839e+03	2.147798e+03
9.345338e+00	-2.526601e+03	2.148041e+03
9.350000e+00	-2.465370e+03	2.149197e+03
9.356519e+00	-2.418384e+03	2.158092e+03
9.360000e+00	-2.509955e+03	2.157727e+03
9.363788e+00	-2.450621e+03	2.155803e+03
9.370000e+00	-2.537748e+03	2.149981e+03
9.378486e+00	-2.632387e+03	2.152823e+03
9.380000e+00	-2.566867e+03	2.155258e+03
9.390000e+00	-2.510457e+03	2.169640e+03
9.394844e+00	-2.419497e+03	2.158845e+03
9.400000e+00	-2.562612e+03	2.184814e+03
9.406617e+00	-2.487907e+03	2.163272e+03
9.410000e+00	-2.532402e+03	2.183852e+03
9.415751e+00	-2.520153e+03	2.164805e+03
9.420000e+00	-2.516804e+03	2.164033e+03
9.424524e+00	-2.579037e+03	2.174273e+03
9.429335e+00	-2.411748e+03	2.165394e+03
9.430000e+00	-2.477421e+03	2.163452e+03
9.440000e+00	-2.464688e+03	2.171172e+03
9.448270e+00	-2.542510e+03	2.168516e+03
9.450000e+00	-2.539608e+03	2.172619e+03
9.459444e+00	-2.468536e+03	2.178308e+03
9.460000e+00	-2.469977e+03	2.169800e+03
9.464863e+00	-2.698535e+03	2.173359e+03
9.470000e+00	-2.446637e+03	2.166519e+03
9.476969e+00	-2.537528e+03	2.176715e+03
9.480000e+00	-2.567924e+03	2.193266e+03
9.483383e+00	-2.564286e+03	2.179173e+03
9.490000e+00	-2.635139e+03	2.204896e+03
9.497214e+00	-2.473331e+03	2.175332e+03
9.500000e+00	-2.534358e+03	2.191038e+03
9.508883e+00	-2.520021e+03	2.179404e+03
9.510000e+00	-2.536719e+03	2.193507e+03
9.514010e+00	-2.560159e+03	2.189729e+03
9.518885e+00	-2.506497e+03	2.181476e+03
9.520000e+00	-2.518387e+03	2.191631e+03
9.528245e+00	-2.570744e+03	2.187484e+03
9.530000e+00	-2.542161e+03	2.190246e+03
9.535359e+00	-2.400104e+03	2.184313e+03
9.540000e+00	-2.551962e+03	2.186732e+03
9.545067e+00	-2.607955e+03	2.192258e+03
9.550000e+00	-2.494398e+03	2.181716e+03
9.553009e+00	-2.571768e+03	2.196037e+03
9.557855e+00	-2.515751e+03	2.188192e+03
9.560000e+00	-2.512834e+03	2.183010e+03
9.570000e+00	-2.577080e+03	2.186591e+03
9.575410e+00	-2.571005e+03	2.195323e+03
9.579375e+00	-2.647037e+03	2.201302e+03
9.580000e+00	-2.578505e+03	2.201965e+03
9.585161e+00	-2.446041e+03	2.192874e+03
9.590000e+00	-2.591375e+03	2.210871e+03
9.593078e+00	-2.499595e+03	2.195972e+03
9.600000e+00	-2.569991e+03	2.205319e+03
9.610000e+00	-2.639492e+03	2.199473e+03
9.615006e+00	-2.467135e+03	2.197704e+03
9.620000e+00	-2.622213e+03	2.224629e+03
9.627694e+00	-2.443429e+03	2.202669e+03
9.630000e+00	-2.565239e+03	2.207057e+03
9.640000e+00	-2.489607e+03	2.191606e+03
9.650000e+00	-2.547352e+03	2.218960e+03
9.655234e+00	-2.536145e+03	2.211244e+03
9.660000e+00	-2.558061e+03	2.208266e+03
9.664812e+00	-2.653735e+03	2.220654e+03
9.670000e+00	-2.491080e+03	2.194191e+03
9.676673e+00	-2.602112e+03	2.221344e+03
9.680000e+00	-2.595085e+03	2.218122e+03
9.688963e+00	-2.618986e+03	2.220001e+03
9.690000e+00	-2.577636e+03	2.207862e+03
9.700000e+00	-2.606586e+03	2.206916e+03
9.703230e+00	-2.454647e+03	2.230078e+03
9.710000e+00	-2.639858e+03	2.220239e+03
9.713649e+00	-2.776601e+03	2.238840e+03
9.718201e+00	-2.579672e+03	2.218271e+03
9.720000e+00	-2.585170e+03	2.226950e+03
9.730000e+00	-2.551466e+03	2.219581e+03
9.736238e+00	-2.663256e+03	2.223175e+03
9.740000e+00	-2.481785e+03	2.210047e+03
9.750000e+00	-2.529535e+03	2.229947e+03
9.758943e+00	-2.640608e+03	2.234986e+03
9.760000e+00	-2.583759e+03	2.218631e+03
9.763926e+00	-2.577743e+03	2.227155e+03
9.769106e+00	-2.625467e+03	2.239065e+03
9.770000e+00	-2.576068e+03	2.221451e+03
9.780000e+00	-2.630887e+03	2.225801e+03
9.785338e+00	-2.632792e+03	2.236925e+03
9.790000e+00	-2.617920e+03	2.239496e+03
9.800000e+00	-2.677120e+03	2.261049e+03
9.806569e+00	-2.587579e+03	2.237043e+03
9.810000e+00	-2.653346e+03	2.266260e+03
9.816545e+00	-2.595822e+03	2.239491e+03
9.820000e+00	-2.652220e+03	2.267180e+03
9.830000e+00	-2.592500e+03	2.241656e+03
9.839260e+00	-2.606519e+03	2.243724e+03
9.840000e+00	-2.610705e+03	2.241054e+03
9.844148e+00	-2.701936e+03	2.251458e+03
9.850000e+00	-2.612619e+03	2.246185e+03
9.859351e+00	-2.520634e+03	2.246506e+03
9.860000e+00	-2.588775e+03	2.243991e+03
9.864176e+00	-2.647068e+03	2.246991e+03
9.869468e+00	-2.734212e+03	2.241059e+03
9.870000e+00	-2.705826e+03	2.253646e+03
9.877818e+00	-2.590182e+03	2.250270e+03
9.880000e+00	-2.602907e+03	2.250540e+03
9.886216e+00	-2.721344e+03	2.262127e+03
9.890000e+00	-2.653565e+03	2.266304e+03
9.893952e+00	-2.664263e+03	2.262460e+03
9.900000e+00	-2.616217e+03	2.262028e+03
9.906132e+00	-2.590804e+03	2.262905e+03
9.910000e+00	-2.584789e+03	2.248557e+03
9.918141e+00	-2.619268e+03	2.254988e+03
9.920000e+00	-2.607556e+03	2.255020e+03
9.924022e+00	-2.630572e+03	2.262531e+03
9.930000e+00	-2.645592e+03	2.253850e+03
9.933742e+00	-2.699841e+03	2.266441e+03
9.940000e+00	-2.634231e+03	2.259754e+03
9.944316e+00	-2.743594e+03	2.274066e+03
9.950000e+00	-2.619699e+03	2.260926e+03
9.959401e+00	-2.572486e+03	2.268770e+03
9.960000e+00	-2.616186e+03	2.264584e+03
9.965139e+00	-2.754885e+03	2.277491e+03
9.970000e+00	-2.606706e+03	2.261478e+03
9.973020e+00	-2.689390e+03	2.276910e+03
9.979322e+00	-2.631360e+03	2.272221e+03
9.980000e+00	-2.647447e+03	2.273272e+03
9.988137e+00	-2.664638e+03	2.268432e+03
9.990000e+00	-2.633854e+03	2.269560e+03
1.000000e+01	-2.624120e+03	2.272181e+03


